-0.0098 60143.4
-0.0098 61446.2
-0.0098 60143.4
-0.0084 88511.1
-0.0084 90534.6
-0.0084 88511.1
-0.007 121581.
-0.007 124418.
-0.007 121581.
-0.0056 154500.
-0.0056 158168.
-0.0056 154500.
-0.0042 184609.
-0.0042 189040.
-0.0042 184609.
-0.0028 209254.
-0.0028 214299.
-0.0028 209254.
-0.0014 222865.
-0.0014 228308.
-0.0014 222865.
8.64995e-19 225761.
8.50814e-19 231341.
8.64995e-19 225761.
0.0014 217977.
0.0014 223304.
0.0014 217977.
0.0028 192744.
0.0028 197361.
0.0028 192744.
0.0042 152825.
0.0042 156422.
0.0042 152825.
0.0056 108029.
0.0056 110492.
0.0056 108029.
0.007 65938.4
0.007 67365.5
0.007 65938.4
0.0084 32862.1
0.0084 33511.4
0.0084 32862.1
0.0098 12503.4
0.0098 12701.1
0.0098 12503.4
-0.0098 26998.8
-0.0098 27701.3
-0.0098 26998.8
-0.0084 25786.9
-0.0084 26515.6
-0.0084 25786.9
-0.007 20493.4
-0.007 21107.4
-0.007 20493.4
-0.0056 13657.2
-0.0056 14093.
-0.0056 13657.2
-0.0042 8175.61
-0.0042 8452.21
-0.0042 8175.61
-0.0028 4898.48
-0.0028 5070.93
-0.0028 4898.48
-0.0014 3216.35
-0.0014 3334.67
-0.0014 3216.35
8.64995e-19 2742.31
8.50814e-19 2844.36
8.64995e-19 2742.31
0.0014 3735.61
0.0014 3868.51
0.0014 3735.61
0.0028 7273.14
0.0028 7516.05
0.0028 7273.14
0.0042 14298.6
0.0042 14750.9
0.0042 14298.6
0.0056 23225.7
0.0056 23906.1
0.0056 23225.7
0.007 26957.6
0.007 27678.3
0.007 26957.6
0.0084 20750.
0.0084 21238.
0.0084 20750.
0.0098 10173.9
0.0098 10357.7
0.0098 10173.9
-0.0098 36099.9
-0.0098 36885.2
-0.0098 36099.9
-0.0084 54510.6
-0.0084 55697.4
-0.0084 54510.6
-0.007 83512.3
-0.007 85325.6
-0.007 83512.3
-0.0056 120753.
-0.0056 123433.
-0.0056 120753.
-0.0042 159581.
-0.0042 163222.
-0.0042 159581.
-0.0028 192030.
-0.0028 196501.
-0.0028 192030.
-0.0014 210576.
-0.0014 215588.
-0.0014 210576.
8.64995e-19 215023.
8.50814e-19 220222.
8.64995e-19 215023.
0.0014 204174.
0.0014 209031.
0.0014 204174.
0.0028 169834.
0.0028 173726.
0.0028 169834.
0.0042 118468.
0.0042 121064.
0.0042 118468.
0.0056 70826.5
0.0056 72321.8
0.0056 70826.5
0.007 39758.1
0.007 40603.2
0.007 39758.1
0.0084 21737.4
0.0084 22200.5
0.0084 21737.4
0.0098 9853.03
0.0098 10029.8
0.0098 9853.03
-0.0098 21093.4
-0.0098 21645.5
-0.0098 21093.4
-0.0084 19622.2
-0.0084 20188.7
-0.0084 19622.2
-0.007 14028.5
-0.007 14477.7
-0.007 14028.5
-0.0056 6859.66
-0.0056 7112.
-0.0056 6859.66
-0.0042 2230.86
-0.0042 2328.13
-0.0042 2230.86
-0.0028 565.395
-0.0028 594.2
-0.0028 565.395
-0.0014 137.195
-0.0014 145.924
-0.0014 137.195
8.64995e-19 72.6545
8.50814e-19 77.782
8.64995e-19 72.6545
0.0014 261.168
0.0014 274.595
0.0014 261.168
0.0028 1729.51
0.0028 1801.23
0.0028 1729.51
0.0042 7528.68
0.0042 7798.65
0.0042 7528.68
0.0056 16918.6
0.0056 17437.4
0.0056 16918.6
0.007 20937.7
0.007 21503.1
0.007 20937.7
0.0084 16881.4
0.0084 17286.4
0.0084 16881.4
0.0098 8940.05
0.0098 9110.57
0.0098 8940.05
-0.0098 60143.4
-0.0098 61446.2
-0.0098 60143.4
-0.0084 88511.1
-0.0084 90534.6
-0.0084 88511.1
-0.007 121581.
-0.007 124418.
-0.007 121581.
-0.0056 154500.
-0.0056 158168.
-0.0056 154500.
-0.0042 184609.
-0.0042 189040.
-0.0042 184609.
-0.0028 209254.
-0.0028 214299.
-0.0028 209254.
-0.0014 222865.
-0.0014 228308.
-0.0014 222865.
8.64995e-19 225761.
8.50814e-19 231341.
8.64995e-19 225761.
0.0014 217977.
0.0014 223304.
0.0014 217977.
0.0028 192744.
0.0028 197361.
0.0028 192744.
0.0042 152825.
0.0042 156422.
0.0042 152825.
0.0056 108029.
0.0056 110492.
0.0056 108029.
0.007 65938.4
0.007 67365.5
0.007 65938.4
0.0084 32862.1
0.0084 33511.4
0.0084 32862.1
0.0098 12503.4
0.0098 12701.1
0.0098 12503.4
-0.0098 55827.6
-0.0098 57058.4
-0.0098 55827.6
-0.0084 79359.3
-0.0084 81208.4
-0.0084 79359.3
-0.007 104850.
-0.007 107347.
-0.007 104850.
-0.0056 128064.
-0.0056 131169.
-0.0056 128064.
-0.0042 147612.
-0.0042 151230.
-0.0042 147612.
-0.0028 162633.
-0.0028 166632.
-0.0028 162633.
-0.0014 170027.
-0.0014 174258.
-0.0014 170027.
8.64995e-19 171182.
8.50814e-19 175490.
8.64995e-19 171182.
0.0014 167289.
0.0014 171453.
0.0014 167289.
0.0028 152816.
0.0028 156552.
0.0028 152816.
0.0042 126982.
0.0042 130037.
0.0042 126982.
0.0056 94628.7
0.0056 96835.6
0.0056 94628.7
0.007 60677.
0.007 62018.
0.007 60677.
0.0084 31419.4
0.0084 32051.4
0.0084 31419.4
0.0098 12249.3
0.0098 12445.6
0.0098 12249.3
-0.0098 54219.4
-0.0098 55420.5
-0.0098 54219.4
-0.0084 76399.6
-0.0084 78186.2
-0.0084 76399.6
-0.007 100310.
-0.007 102704.
-0.007 100310.
-0.0056 122199.
-0.0056 125163.
-0.0056 122199.
-0.0042 140967.
-0.0042 144416.
-0.0042 140967.
-0.0028 155737.
-0.0028 159557.
-0.0028 155737.
-0.0014 163263.
-0.0014 167313.
-0.0014 163263.
8.64995e-19 164550.
8.50814e-19 168677.
8.64995e-19 164550.
0.0014 160488.
0.0014 164471.
0.0014 160488.
0.0028 146046.
0.0028 149610.
0.0028 146046.
0.0042 121193.
0.0042 124109.
0.0042 121193.
0.0056 90743.4
0.0056 92865.5
0.0056 90743.4
0.007 58799.3
0.007 60105.5
0.007 58799.3
0.0084 30822.5
0.0084 31446.4
0.0084 30822.5
0.0098 12133.8
0.0098 12329.4
0.0098 12133.8
-0.0098 52314.6
-0.0098 53483.
-0.0098 52314.6
-0.0084 72522.
-0.0084 74232.8
-0.0084 72522.
-0.007 93478.6
-0.007 95730.5
-0.007 93478.6
-0.0056 111712.
-0.0056 114448.
-0.0056 111712.
-0.0042 126572.
-0.0042 129702.
-0.0042 126572.
-0.0028 137798.
-0.0028 141213.
-0.0028 137798.
-0.0014 143043.
-0.0014 146627.
-0.0014 143043.
8.64995e-19 143695.
8.50814e-19 147334.
8.64995e-19 143695.
0.0014 141058.
0.0014 144594.
0.0014 141058.
0.0028 130567.
0.0028 133787.
0.0028 130567.
0.0042 110926.
0.0042 113623.
0.0042 110926.
0.0056 85199.8
0.0056 87213.
0.0056 85199.8
0.007 56508.
0.007 57775.2
0.007 56508.
0.0084 30161.7
0.0084 30777.3
0.0084 30161.7
0.0098 12012.6
0.0098 12207.5
0.0098 12012.6
-0.0098 60143.4
-0.0098 61446.2
-0.0098 60143.4
-0.0084 88511.1
-0.0084 90534.6
-0.0084 88511.1
-0.007 121581.
-0.007 124418.
-0.007 121581.
-0.0056 154500.
-0.0056 158168.
-0.0056 154500.
-0.0042 184609.
-0.0042 189040.
-0.0042 184609.
-0.0028 209254.
-0.0028 214299.
-0.0028 209254.
-0.0014 222865.
-0.0014 228308.
-0.0014 222865.
8.64995e-19 225761.
8.50814e-19 231341.
8.64995e-19 225761.
0.0014 217977.
0.0014 223304.
0.0014 217977.
0.0028 192744.
0.0028 197361.
0.0028 192744.
0.0042 152825.
0.0042 156422.
0.0042 152825.
0.0056 108029.
0.0056 110492.
0.0056 108029.
0.007 65938.4
0.007 67365.5
0.007 65938.4
0.0084 32862.1
0.0084 33511.4
0.0084 32862.1
0.0098 12503.4
0.0098 12701.1
0.0098 12503.4
-0.0098 59700.4
-0.0098 60995.9
-0.0098 59700.4
-0.0084 87561.
-0.0084 89566.6
-0.0084 87561.
-0.007 119822.
-0.007 122624.
-0.007 119822.
-0.0056 151686.
-0.0056 155295.
-0.0056 151686.
-0.0042 180625.
-0.0042 184970.
-0.0042 180625.
-0.0028 204189.
-0.0028 209121.
-0.0028 204189.
-0.0014 217090.
-0.0014 222401.
-0.0014 217090.
8.64995e-19 219784.
8.50814e-19 225226.
8.64995e-19 219784.
0.0014 212448.
0.0014 217648.
0.0014 212448.
0.0028 188432.
0.0028 192955.
0.0028 188432.
0.0042 150075.
0.0042 153615.
0.0042 150075.
0.0056 106626.
0.0056 109063.
0.0056 106626.
0.007 65396.2
0.007 66814.6
0.007 65396.2
0.0084 32715.3
0.0084 33362.8
0.0084 32715.3
0.0098 12477.8
0.0098 12675.3
0.0098 12477.8
-0.0098 59485.
-0.0098 60776.8
-0.0098 59485.
-0.0084 87104.4
-0.0084 89101.3
-0.0084 87104.4
-0.007 118988.
-0.007 121773.
-0.007 118988.
-0.0056 150369.
-0.0056 153950.
-0.0056 150369.
-0.0042 178785.
-0.0042 183089.
-0.0042 178785.
-0.0028 201872.
-0.0028 206752.
-0.0028 201872.
-0.0014 214466.
-0.0014 219717.
-0.0014 214466.
8.64995e-19 217074.
8.50814e-19 222452.
8.64995e-19 217074.
0.0014 209929.
0.0014 215072.
0.0014 209929.
0.0028 186446.
0.0028 190926.
0.0028 186446.
0.0042 148788.
0.0042 152301.
0.0042 148788.
0.0056 105958.
0.0056 108382.
0.0056 105958.
0.007 65133.6
0.007 66547.6
0.007 65133.6
0.0084 32643.2
0.0084 33289.9
0.0084 32643.2
0.0098 12465.1
0.0098 12662.6
0.0098 12465.1
-0.0098 59266.7
-0.0098 60554.9
-0.0098 59266.7
-0.0084 86639.2
-0.0084 88627.2
-0.0084 86639.2
-0.007 118133.
-0.007 120900.
-0.007 118133.
-0.0056 149010.
-0.0056 152562.
-0.0056 149010.
-0.0042 176872.
-0.0042 181134.
-0.0042 176872.
-0.0028 199450.
-0.0028 204276.
-0.0028 199450.
-0.0014 211714.
-0.0014 216902.
-0.0014 211714.
8.64995e-19 214228.
8.50814e-19 219541.
8.64995e-19 214228.
0.0014 207292.
0.0014 212374.
0.0014 207292.
0.0028 184379.
0.0028 188813.
0.0028 184379.
0.0042 147460.
0.0042 150944.
0.0042 147460.
0.0056 105274.
0.0056 107685.
0.0056 105274.
0.007 64867.
0.007 66276.7
0.007 64867.
0.0084 32570.5
0.0084 33216.3
0.0084 32570.5
0.0098 12452.3
0.0098 12649.8
0.0098 12452.3
-0.0098 60143.4
-0.0098 61446.2
-0.0098 60143.4
-0.0084 88511.1
-0.0084 90534.6
-0.0084 88511.1
-0.007 121581.
-0.007 124418.
-0.007 121581.
-0.0056 154500.
-0.0056 158168.
-0.0056 154500.
-0.0042 184609.
-0.0042 189040.
-0.0042 184609.
-0.0028 209254.
-0.0028 214299.
-0.0028 209254.
-0.0014 222865.
-0.0014 228308.
-0.0014 222865.
8.64995e-19 225761.
8.50814e-19 231341.
8.64995e-19 225761.
0.0014 217977.
0.0014 223304.
0.0014 217977.
0.0028 192744.
0.0028 197361.
0.0028 192744.
0.0042 152825.
0.0042 156422.
0.0042 152825.
0.0056 108029.
0.0056 110492.
0.0056 108029.
0.007 65938.4
0.007 67365.5
0.007 65938.4
0.0084 32862.1
0.0084 33511.4
0.0084 32862.1
0.0098 12503.4
0.0098 12701.1
0.0098 12503.4
-0.0098 60099.
-0.0098 61401.1
-0.0098 60099.
-0.0084 88415.7
-0.0084 90437.4
-0.0084 88415.7
-0.007 121404.
-0.007 124238.
-0.007 121404.
-0.0056 154217.
-0.0056 157879.
-0.0056 154217.
-0.0042 184208.
-0.0042 188630.
-0.0042 184208.
-0.0028 208744.
-0.0028 213777.
-0.0028 208744.
-0.0014 222283.
-0.0014 227712.
-0.0014 222283.
8.64995e-19 225158.
8.50814e-19 230724.
8.64995e-19 225158.
0.0014 217420.
0.0014 222733.
0.0014 217420.
0.0028 192309.
0.0028 196917.
0.0028 192309.
0.0042 152548.
0.0042 156139.
0.0042 152548.
0.0056 107888.
0.0056 110349.
0.0056 107888.
0.007 65884.
0.007 67310.3
0.007 65884.
0.0084 32847.4
0.0084 33496.5
0.0084 32847.4
0.0098 12500.9
0.0098 12698.5
0.0098 12500.9
-0.0098 60076.9
-0.0098 61378.6
-0.0098 60076.9
-0.0084 88368.2
-0.0084 90389.
-0.0084 88368.2
-0.007 121316.
-0.007 124148.
-0.007 121316.
-0.0056 154076.
-0.0056 157735.
-0.0056 154076.
-0.0042 184008.
-0.0042 188427.
-0.0042 184008.
-0.0028 208490.
-0.0028 213518.
-0.0028 208490.
-0.0014 221994.
-0.0014 227417.
-0.0014 221994.
8.64995e-19 224859.
8.50814e-19 230418.
8.64995e-19 224859.
0.0014 217143.
0.0014 222451.
0.0014 217143.
0.0028 192094.
0.0028 196697.
0.0028 192094.
0.0042 152411.
0.0042 155999.
0.0042 152411.
0.0056 107818.
0.0056 110277.
0.0056 107818.
0.007 65856.9
0.007 67282.7
0.007 65856.9
0.0084 32840.
0.0084 33489.1
0.0084 32840.
0.0098 12499.6
0.0098 12697.3
0.0098 12499.6
-0.0098 60054.7
-0.0098 61356.
-0.0098 60054.7
-0.0084 88320.7
-0.0084 90340.6
-0.0084 88320.7
-0.007 121228.
-0.007 124058.
-0.007 121228.
-0.0056 153935.
-0.0056 157591.
-0.0056 153935.
-0.0042 183809.
-0.0042 188222.
-0.0042 183809.
-0.0028 208236.
-0.0028 213259.
-0.0028 208236.
-0.0014 221704.
-0.0014 227120.
-0.0014 221704.
8.64995e-19 224559.
8.50814e-19 230111.
8.64995e-19 224559.
0.0014 216866.
0.0014 222167.
0.0014 216866.
0.0028 191877.
0.0028 196476.
0.0028 191877.
0.0042 152273.
0.0042 155858.
0.0042 152273.
0.0056 107747.
0.0056 110206.
0.0056 107747.
0.007 65829.7
0.007 67255.1
0.007 65829.7
0.0084 32832.7
0.0084 33481.6
0.0084 32832.7
0.0098 12498.3
0.0098 12696.
0.0098 12498.3
-0.0098 60143.4
-0.0098 61446.2
-0.0098 60143.4
-0.0084 88511.1
-0.0084 90534.6
-0.0084 88511.1
-0.007 121581.
-0.007 124418.
-0.007 121581.
-0.0056 154500.
-0.0056 158168.
-0.0056 154500.
-0.0042 184609.
-0.0042 189040.
-0.0042 184609.
-0.0028 209254.
-0.0028 214299.
-0.0028 209254.
-0.0014 222865.
-0.0014 228308.
-0.0014 222865.
8.64995e-19 225761.
8.50814e-19 231341.
8.64995e-19 225761.
0.0014 217977.
0.0014 223304.
0.0014 217977.
0.0028 192744.
0.0028 197361.
0.0028 192744.
0.0042 152825.
0.0042 156422.
0.0042 152825.
0.0056 108029.
0.0056 110492.
0.0056 108029.
0.007 65938.4
0.007 67365.5
0.007 65938.4
0.0084 32862.1
0.0084 33511.4
0.0084 32862.1
0.0098 12503.4
0.0098 12701.1
0.0098 12503.4
-0.0098 60139.
-0.0098 61441.7
-0.0098 60139.
-0.0084 88501.6
-0.0084 90524.9
-0.0084 88501.6
-0.007 121563.
-0.007 124400.
-0.007 121563.
-0.0056 154471.
-0.0056 158139.
-0.0056 154471.
-0.0042 184569.
-0.0042 188999.
-0.0042 184569.
-0.0028 209203.
-0.0028 214247.
-0.0028 209203.
-0.0014 222807.
-0.0014 228248.
-0.0014 222807.
8.64995e-19 225700.
8.50814e-19 231279.
8.64995e-19 225700.
0.0014 217921.
0.0014 223247.
0.0014 217921.
0.0028 192700.
0.0028 197317.
0.0028 192700.
0.0042 152797.
0.0042 156393.
0.0042 152797.
0.0056 108015.
0.0056 110478.
0.0056 108015.
0.007 65932.9
0.007 67360.
0.007 65932.9
0.0084 32860.6
0.0084 33509.9
0.0084 32860.6
0.0098 12503.2
0.0098 12700.9
0.0098 12503.2
-0.0098 60136.8
-0.0098 61439.4
-0.0098 60136.8
-0.0084 88496.8
-0.0084 90520.
-0.0084 88496.8
-0.007 121554.
-0.007 124391.
-0.007 121554.
-0.0056 154457.
-0.0056 158125.
-0.0056 154457.
-0.0042 184549.
-0.0042 188979.
-0.0042 184549.
-0.0028 209178.
-0.0028 214221.
-0.0028 209178.
-0.0014 222778.
-0.0014 228218.
-0.0014 222778.
8.64995e-19 225670.
8.50814e-19 231248.
8.64995e-19 225670.
0.0014 217894.
0.0014 223218.
0.0014 217894.
0.0028 192678.
0.0028 197295.
0.0028 192678.
0.0042 152783.
0.0042 156379.
0.0042 152783.
0.0056 108007.
0.0056 110471.
0.0056 108007.
0.007 65930.2
0.007 67357.2
0.007 65930.2
0.0084 32859.9
0.0084 33509.1
0.0084 32859.9
0.0098 12503.
0.0098 12700.7
0.0098 12503.
-0.0098 60134.5
-0.0098 61437.2
-0.0098 60134.5
-0.0084 88492.
-0.0084 90515.1
-0.0084 88492.
-0.007 121545.
-0.007 124382.
-0.007 121545.
-0.0056 154443.
-0.0056 158110.
-0.0056 154443.
-0.0042 184529.
-0.0042 188958.
-0.0042 184529.
-0.0028 209152.
-0.0028 214195.
-0.0028 209152.
-0.0014 222749.
-0.0014 228188.
-0.0014 222749.
8.64995e-19 225640.
8.50814e-19 231217.
8.64995e-19 225640.
0.0014 217866.
0.0014 223190.
0.0014 217866.
0.0028 192657.
0.0028 197273.
0.0028 192657.
0.0042 152770.
0.0042 156365.
0.0042 152770.
0.0056 108000.
0.0056 110463.
0.0056 108000.
0.007 65927.5
0.007 67354.5
0.007 65927.5
0.0084 32859.1
0.0084 33508.4
0.0084 32859.1
0.0098 12502.9
0.0098 12700.6
0.0098 12502.9