-0.0098 1.31695e+06
-0.0098 1.32371e+06
-0.0098 1.32371e+06
-0.0084 1.00025e+06
-0.0084 1.00025e+06
-0.0084 1.00025e+06
-0.007 832281.
-0.007 832281.
-0.007 832281.
-0.0056 737056.
-0.0056 737056.
-0.0056 737056.
-0.0042 680239.
-0.0042 680239.
-0.0042 680239.
-0.0028 646155.
-0.0028 646155.
-0.0028 646155.
-0.0014 627431.
-0.0014 627431.
-0.0014 627431.
8.64995e-19 620936.
8.50814e-19 620936.
8.64995e-19 620936.
0.0014 621304.
0.0014 621304.
0.0014 621304.
0.0028 623206.
0.0028 623206.
0.0028 623206.
0.0042 626379.
0.0042 626379.
0.0042 626379.
0.0056 631749.
0.0056 631749.
0.0056 631749.
0.007 643301.
0.007 643301.
0.007 643301.
0.0084 676799.
0.0084 676799.
0.0084 676799.
0.0098 821165.
0.0098 821165.
0.0098 821165.
-0.0098 324600.
-0.0098 324035.
-0.0098 323295.
-0.0084 374857.
-0.0084 373121.
-0.0084 373733.
-0.007 514978.
-0.007 511165.
-0.007 513399.
-0.0056 651565.
-0.0056 645642.
-0.0056 649520.
-0.0042 776618.
-0.0042 768845.
-0.0042 774150.
-0.0028 877568.
-0.0028 868391.
-0.0028 874762.
-0.0014 942602.
-0.0014 932561.
-0.0014 939581.
8.64995e-19 963569.
8.50814e-19 953242.
8.64995e-19 960481.
0.0014 962200.
0.0014 951955.
0.0014 959120.
0.0028 963565.
0.0028 953638.
0.0028 960491.
0.0042 971530.
0.0042 962448.
0.0042 968460.
0.0056 990632.
0.0056 983297.
0.0056 987559.
0.007 1.0221e+06
0.007 1.01748e+06
0.007 1.01902e+06
0.0084 1.00909e+06
0.0084 1.00733e+06
0.0084 1.006e+06
0.0098 1.02129e+06
0.0098 1.02119e+06
0.0098 1.01821e+06
-0.0098 4.8352e+06
-0.0098 4.83169e+06
-0.0098 4.84456e+06
-0.0084 4.2351e+06
-0.0084 4.23319e+06
-0.0084 4.24059e+06
-0.007 2.32462e+06
-0.007 2.32668e+06
-0.007 2.32736e+06
-0.0056 1.55298e+06
-0.0056 1.56142e+06
-0.0056 1.55533e+06
-0.0042 1.11159e+06
-0.0042 1.12312e+06
-0.0042 1.11323e+06
-0.0028 915995.
-0.0028 928962.
-0.0028 917308.
-0.0014 829108.
-0.0014 842715.
-0.0014 830280.
8.64995e-19 803813.
8.50814e-19 817594.
8.64995e-19 804945.
0.0014 813883.
0.0014 827458.
0.0014 815030.
0.0028 849526.
0.0028 862350.
0.0028 850746.
0.0042 927353.
0.0042 938465.
0.0042 928752.
0.0056 1.03801e+06
0.0056 1.04678e+06
0.0056 1.03969e+06
0.007 1.07008e+06
0.007 1.07864e+06
0.007 1.07187e+06
0.0084 1.0112e+06
0.0084 1.02173e+06
0.0084 1.01287e+06
0.0098 1.03536e+06
0.0098 1.04806e+06
0.0098 1.03714e+06
-0.0098 514687.
-0.0098 528936.
-0.0098 513509.
-0.0084 553695.
-0.0084 566739.
-0.0084 552569.
-0.007 945311.
-0.007 946495.
-0.007 943371.
-0.0056 933760.
-0.0056 919447.
-0.0056 932371.
-0.0042 895340.
-0.0042 878210.
-0.0042 893900.
-0.0028 894894.
-0.0028 877750.
-0.0028 893452.
-0.0014 904279.
-0.0014 888082.
-0.0014 902836.
8.64995e-19 912269.
8.50814e-19 897464.
8.64995e-19 910914.
0.0014 893253.
0.0014 877800.
0.0014 892077.
0.0028 882647.
0.0028 866689.
0.0028 881555.
0.0042 885450.
0.0042 869734.
0.0042 884367.
0.0056 939943.
0.0056 928697.
0.0056 938893.
0.007 1.05417e+06
0.007 1.05237e+06
0.007 1.05313e+06
0.0084 855535.
0.0084 859913.
0.0084 854324.
0.0098 792191.
0.0098 800257.
0.0098 791229.
-0.0098 1.31695e+06
-0.0098 1.32371e+06
-0.0098 1.32371e+06
-0.0084 1.00025e+06
-0.0084 1.00025e+06
-0.0084 1.00025e+06
-0.007 832281.
-0.007 832281.
-0.007 832281.
-0.0056 737056.
-0.0056 737056.
-0.0056 737056.
-0.0042 680239.
-0.0042 680239.
-0.0042 680239.
-0.0028 646155.
-0.0028 646155.
-0.0028 646155.
-0.0014 627431.
-0.0014 627431.
-0.0014 627431.
8.64995e-19 620936.
8.50814e-19 620936.
8.64995e-19 620936.
0.0014 621304.
0.0014 621304.
0.0014 621304.
0.0028 623206.
0.0028 623206.
0.0028 623206.
0.0042 626379.
0.0042 626379.
0.0042 626379.
0.0056 631749.
0.0056 631749.
0.0056 631749.
0.007 643301.
0.007 643301.
0.007 643301.
0.0084 676799.
0.0084 676799.
0.0084 676799.
0.0098 821165.
0.0098 821165.
0.0098 821165.
-0.0098 1.00279e+06
-0.0098 1.00729e+06
-0.0098 1.00708e+06
-0.0084 797059.
-0.0084 796917.
-0.0084 797061.
-0.007 677131.
-0.007 676680.
-0.007 677132.
-0.0056 607082.
-0.0056 606361.
-0.0056 607083.
-0.0042 572584.
-0.0042 571622.
-0.0042 572584.
-0.0028 622011.
-0.0028 620718.
-0.0028 622012.
-0.0014 653227.
-0.0014 651698.
-0.0014 653228.
8.64995e-19 663300.
8.50814e-19 661685.
8.64995e-19 663301.
0.0014 664332.
0.0014 662798.
0.0014 664333.
0.0028 668694.
0.0028 667392.
0.0028 668694.
0.0042 675892.
0.0042 674937.
0.0042 675893.
0.0056 686069.
0.0056 685516.
0.0056 686070.
0.007 701994.
0.007 701829.
0.007 701995.
0.0084 730496.
0.0084 730645.
0.0084 730497.
0.0098 856220.
0.0098 856614.
0.0098 856221.
-0.0098 1.00055e+06
-0.0098 1.0049e+06
-0.0098 1.00483e+06
-0.0084 792835.
-0.0084 792527.
-0.0084 792837.
-0.007 674629.
-0.007 673992.
-0.007 674629.
-0.0056 604608.
-0.0056 603701.
-0.0056 604608.
-0.0042 581664.
-0.0042 580513.
-0.0042 581665.
-0.0028 628622.
-0.0028 627195.
-0.0028 628623.
-0.0014 657963.
-0.0014 656348.
-0.0014 657964.
8.64995e-19 667316.
8.50814e-19 665636.
8.64995e-19 667317.
0.0014 668212.
0.0014 666598.
0.0014 668213.
0.0028 672310.
0.0028 670900.
0.0028 672311.
0.0042 679471.
0.0042 678401.
0.0042 679472.
0.0056 690214.
0.0056 689595.
0.0056 690214.
0.007 707249.
0.007 707129.
0.007 707250.
0.0084 730987.
0.0084 731300.
0.0084 730988.
0.0098 848256.
0.0098 848901.
0.0098 848256.
-0.0098 875957.
-0.0098 879439.
-0.0098 879283.
-0.0084 709284.
-0.0084 708965.
-0.0084 709285.
-0.007 610234.
-0.007 609513.
-0.007 610235.
-0.0056 551382.
-0.0056 550332.
-0.0056 551383.
-0.0042 601685.
-0.0042 600164.
-0.0042 601686.
-0.0028 653577.
-0.0028 651641.
-0.0028 653578.
-0.0014 686335.
-0.0014 684113.
-0.0014 686336.
8.64995e-19 696867.
8.50814e-19 694542.
8.64995e-19 696868.
0.0014 697903.
0.0014 695675.
0.0014 697904.
0.0028 702733.
0.0028 700795.
0.0028 702734.
0.0042 711224.
0.0042 709756.
0.0042 711226.
0.0056 723714.
0.0056 722853.
0.0056 723715.
0.007 742547.
0.007 742351.
0.007 742548.
0.0084 763908.
0.0084 764287.
0.0084 763909.
0.0098 873015.
0.0098 873829.
0.0098 873016.
-0.0098 1.31695e+06
-0.0098 1.32371e+06
-0.0098 1.32371e+06
-0.0084 1.00025e+06
-0.0084 1.00025e+06
-0.0084 1.00025e+06
-0.007 832281.
-0.007 832281.
-0.007 832281.
-0.0056 737056.
-0.0056 737056.
-0.0056 737056.
-0.0042 680239.
-0.0042 680239.
-0.0042 680239.
-0.0028 646155.
-0.0028 646155.
-0.0028 646155.
-0.0014 627431.
-0.0014 627431.
-0.0014 627431.
8.64995e-19 620936.
8.50814e-19 620936.
8.64995e-19 620936.
0.0014 621304.
0.0014 621304.
0.0014 621304.
0.0028 623206.
0.0028 623206.
0.0028 623206.
0.0042 626379.
0.0042 626379.
0.0042 626379.
0.0056 631749.
0.0056 631749.
0.0056 631749.
0.007 643301.
0.007 643301.
0.007 643301.
0.0084 676799.
0.0084 676799.
0.0084 676799.
0.0098 821165.
0.0098 821165.
0.0098 821165.
-0.0098 1.28228e+06
-0.0098 1.28878e+06
-0.0098 1.28876e+06
-0.0084 978377.
-0.0084 978359.
-0.0084 978377.
-0.007 815655.
-0.007 815597.
-0.007 815655.
-0.0056 723033.
-0.0056 722939.
-0.0056 723033.
-0.0042 667579.
-0.0042 667453.
-0.0042 667579.
-0.0028 634220.
-0.0028 634071.
-0.0028 634220.
-0.0014 615862.
-0.0014 615697.
-0.0014 615862.
8.64995e-19 624174.
8.50814e-19 623999.
8.64995e-19 624174.
0.0014 624634.
0.0014 624468.
0.0014 624634.
0.0028 626840.
0.0028 626701.
0.0028 626840.
0.0042 630482.
0.0042 630382.
0.0042 630482.
0.0056 636381.
0.0056 636324.
0.0056 636381.
0.007 648391.
0.007 648375.
0.007 648391.
0.0084 681384.
0.0084 681399.
0.0084 681384.
0.0098 823818.
0.0098 823858.
0.0098 823818.
-0.0098 1.26704e+06
-0.0098 1.27343e+06
-0.0098 1.2734e+06
-0.0084 968673.
-0.0084 968645.
-0.0084 968673.
-0.007 808273.
-0.007 808187.
-0.007 808273.
-0.0056 716799.
-0.0056 716662.
-0.0056 716799.
-0.0042 661944.
-0.0042 661762.
-0.0042 661944.
-0.0028 628906.
-0.0028 628689.
-0.0028 628906.
-0.0014 616695.
-0.0014 616454.
-0.0014 616695.
8.64995e-19 625708.
8.50814e-19 625455.
8.64995e-19 625708.
0.0014 626205.
0.0014 625966.
0.0014 626206.
0.0028 628540.
0.0028 628338.
0.0028 628540.
0.0042 632386.
0.0042 632240.
0.0042 632386.
0.0056 638526.
0.0056 638443.
0.0056 638526.
0.007 650754.
0.007 650730.
0.007 650754.
0.0084 683474.
0.0084 683498.
0.0084 683474.
0.0098 824951.
0.0098 825012.
0.0098 824951.
-0.0098 1.2507e+06
-0.0098 1.25697e+06
-0.0098 1.25692e+06
-0.0084 958278.
-0.0084 958241.
-0.0084 958278.
-0.007 800364.
-0.007 800251.
-0.007 800364.
-0.0056 710138.
-0.0056 709957.
-0.0056 710138.
-0.0042 655948.
-0.0042 655709.
-0.0042 655949.
-0.0028 623272.
-0.0028 622987.
-0.0028 623272.
-0.0014 618362.
-0.0014 618043.
-0.0014 618362.
8.64995e-19 627402.
8.50814e-19 627065.
8.64995e-19 627402.
0.0014 627939.
0.0014 627621.
0.0014 627939.
0.0028 630413.
0.0028 630145.
0.0028 630413.
0.0042 634477.
0.0042 634283.
0.0042 634477.
0.0056 640869.
0.0056 640758.
0.0056 640869.
0.007 653320.
0.007 653288.
0.007 653320.
0.0084 685782.
0.0084 685813.
0.0084 685783.
0.0098 826304.
0.0098 826385.
0.0098 826304.
-0.0098 1.31695e+06
-0.0098 1.32371e+06
-0.0098 1.32371e+06
-0.0084 1.00025e+06
-0.0084 1.00025e+06
-0.0084 1.00025e+06
-0.007 832281.
-0.007 832281.
-0.007 832281.
-0.0056 737056.
-0.0056 737056.
-0.0056 737056.
-0.0042 680239.
-0.0042 680239.
-0.0042 680239.
-0.0028 646155.
-0.0028 646155.
-0.0028 646155.
-0.0014 627431.
-0.0014 627431.
-0.0014 627431.
8.64995e-19 620936.
8.50814e-19 620936.
8.64995e-19 620936.
0.0014 621304.
0.0014 621304.
0.0014 621304.
0.0028 623206.
0.0028 623206.
0.0028 623206.
0.0042 626379.
0.0042 626379.
0.0042 626379.
0.0056 631749.
0.0056 631749.
0.0056 631749.
0.007 643301.
0.007 643301.
0.007 643301.
0.0084 676799.
0.0084 676799.
0.0084 676799.
0.0098 821165.
0.0098 821165.
0.0098 821165.
-0.0098 1.31345e+06
-0.0098 1.32018e+06
-0.0098 1.32018e+06
-0.0084 998048.
-0.0084 998046.
-0.0084 998048.
-0.007 830606.
-0.007 830600.
-0.007 830606.
-0.0056 735642.
-0.0056 735633.
-0.0056 735642.
-0.0042 678961.
-0.0042 678948.
-0.0042 678961.
-0.0028 644948.
-0.0028 644933.
-0.0028 644948.
-0.0014 626261.
-0.0014 626243.
-0.0014 626261.
8.64995e-19 621251.
8.50814e-19 621233.
8.64995e-19 621251.
0.0014 621628.
0.0014 621612.
0.0014 621628.
0.0028 623561.
0.0028 623547.
0.0028 623561.
0.0042 626782.
0.0042 626772.
0.0042 626782.
0.0056 632205.
0.0056 632200.
0.0056 632205.
0.007 643803.
0.007 643801.
0.007 643803.
0.0084 677250.
0.0084 677252.
0.0084 677250.
0.0098 821423.
0.0098 821427.
0.0098 821423.
-0.0098 1.31172e+06
-0.0098 1.31844e+06
-0.0098 1.31843e+06
-0.0084 996959.
-0.0084 996956.
-0.0084 996959.
-0.007 829779.
-0.007 829770.
-0.007 829779.
-0.0056 734944.
-0.0056 734929.
-0.0056 734944.
-0.0042 678329.
-0.0042 678310.
-0.0042 678329.
-0.0028 644352.
-0.0028 644329.
-0.0028 644352.
-0.0014 625682.
-0.0014 625656.
-0.0014 625682.
8.64995e-19 621407.
8.50814e-19 621381.
8.64995e-19 621407.
0.0014 621790.
0.0014 621765.
0.0014 621790.
0.0028 623737.
0.0028 623717.
0.0028 623737.
0.0042 626982.
0.0042 626967.
0.0042 626982.
0.0056 632432.
0.0056 632423.
0.0056 632432.
0.007 644052.
0.007 644050.
0.007 644052.
0.0084 677474.
0.0084 677476.
0.0084 677474.
0.0098 821550.
0.0098 821556.
0.0098 821550.
-0.0098 1.30998e+06
-0.0098 1.31668e+06
-0.0098 1.31668e+06
-0.0084 995863.
-0.0084 995860.
-0.0084 995863.
-0.007 828946.
-0.007 828934.
-0.007 828946.
-0.0056 734241.
-0.0056 734222.
-0.0056 734241.
-0.0042 677694.
-0.0042 677669.
-0.0042 677694.
-0.0028 643753.
-0.0028 643722.
-0.0028 643753.
-0.0014 625100.
-0.0014 625066.
-0.0014 625100.
8.64995e-19 621565.
8.50814e-19 621530.
8.64995e-19 621565.
0.0014 621952.
0.0014 621919.
0.0014 621952.
0.0028 623916.
0.0028 623888.
0.0028 623916.
0.0042 627183.
0.0042 627163.
0.0042 627183.
0.0056 632660.
0.0056 632649.
0.0056 632660.
0.007 644304.
0.007 644300.
0.007 644304.
0.0084 677700.
0.0084 677703.
0.0084 677700.
0.0098 821679.
0.0098 821687.
0.0098 821679.
-0.0098 1.31695e+06
-0.0098 1.32371e+06
-0.0098 1.32371e+06
-0.0084 1.00025e+06
-0.0084 1.00025e+06
-0.0084 1.00025e+06
-0.007 832281.
-0.007 832281.
-0.007 832281.
-0.0056 737056.
-0.0056 737056.
-0.0056 737056.
-0.0042 680239.
-0.0042 680239.
-0.0042 680239.
-0.0028 646155.
-0.0028 646155.
-0.0028 646155.
-0.0014 627431.
-0.0014 627431.
-0.0014 627431.
8.64995e-19 620936.
8.50814e-19 620936.
8.64995e-19 620936.
0.0014 621304.
0.0014 621304.
0.0014 621304.
0.0028 623206.
0.0028 623206.
0.0028 623206.
0.0042 626379.
0.0042 626379.
0.0042 626379.
0.0056 631749.
0.0056 631749.
0.0056 631749.
0.007 643301.
0.007 643301.
0.007 643301.
0.0084 676799.
0.0084 676799.
0.0084 676799.
0.0098 821165.
0.0098 821165.
0.0098 821165.
-0.0098 1.3166e+06
-0.0098 1.32335e+06
-0.0098 1.32335e+06
-0.0084 1.00003e+06
-0.0084 1.00003e+06
-0.0084 1.00003e+06
-0.007 832113.
-0.007 832112.
-0.007 832113.
-0.0056 736914.
-0.0056 736913.
-0.0056 736914.
-0.0042 680111.
-0.0042 680110.
-0.0042 680111.
-0.0028 646034.
-0.0028 646032.
-0.0028 646034.
-0.0014 627314.
-0.0014 627312.
-0.0014 627314.
8.64995e-19 620967.
8.50814e-19 620966.
8.64995e-19 620967.
0.0014 621337.
0.0014 621335.
0.0014 621337.
0.0028 623241.
0.0028 623240.
0.0028 623241.
0.0042 626419.
0.0042 626418.
0.0042 626419.
0.0056 631795.
0.0056 631794.
0.0056 631795.
0.007 643351.
0.007 643351.
0.007 643351.
0.0084 676844.
0.0084 676844.
0.0084 676844.
0.0098 821191.
0.0098 821191.
0.0098 821191.
-0.0098 1.31643e+06
-0.0098 1.32318e+06
-0.0098 1.32318e+06
-0.0084 999921.
-0.0084 999921.
-0.0084 999921.
-0.007 832029.
-0.007 832028.
-0.007 832029.
-0.0056 736844.
-0.0056 736842.
-0.0056 736844.
-0.0042 680047.
-0.0042 680045.
-0.0042 680047.
-0.0028 645974.
-0.0028 645971.
-0.0028 645974.
-0.0014 627255.
-0.0014 627253.
-0.0014 627255.
8.64995e-19 620983.
8.50814e-19 620981.
8.64995e-19 620983.
0.0014 621353.
0.0014 621350.
0.0014 621353.
0.0028 623259.
0.0028 623257.
0.0028 623259.
0.0042 626439.
0.0042 626438.
0.0042 626439.
0.0056 631818.
0.0056 631817.
0.0056 631818.
0.007 643376.
0.007 643376.
0.007 643376.
0.0084 676866.
0.0084 676866.
0.0084 676866.
0.0098 821204.
0.0098 821204.
0.0098 821204.
-0.0098 1.31625e+06
-0.0098 1.323e+06
-0.0098 1.323e+06
-0.0084 999811.
-0.0084 999811.
-0.0084 999811.
-0.007 831946.
-0.007 831944.
-0.007 831946.
-0.0056 736773.
-0.0056 736771.
-0.0056 736773.
-0.0042 679983.
-0.0042 679981.
-0.0042 679983.
-0.0028 645913.
-0.0028 645910.
-0.0028 645913.
-0.0014 627197.
-0.0014 627193.
-0.0014 627197.
8.64995e-19 620999.
8.50814e-19 620995.
8.64995e-19 620999.
0.0014 621369.
0.0014 621366.
0.0014 621369.
0.0028 623277.
0.0028 623274.
0.0028 623277.
0.0042 626460.
0.0042 626458.
0.0042 626460.
0.0056 631840.
0.0056 631839.
0.0056 631840.
0.007 643401.
0.007 643401.
0.007 643401.
0.0084 676889.
0.0084 676889.
0.0084 676889.
0.0098 821217.
0.0098 821217.
0.0098 821217.