-0.0098 349766.
-0.0098 349766.
-0.0098 349766.
-0.0084 395636.
-0.0084 395636.
-0.0084 395636.
-0.007 447496.
-0.007 447496.
-0.007 447496.
-0.0056 500415.
-0.0056 500415.
-0.0056 500415.
-0.0042 548937.
-0.0042 548937.
-0.0042 548937.
-0.0028 587824.
-0.0028 587824.
-0.0028 587824.
-0.0014 612770.
-0.0014 612770.
-0.0014 612770.
8.64995e-19 620936.
8.50814e-19 620936.
8.64995e-19 620936.
0.0014 603902.
0.0014 603902.
0.0014 603902.
0.0028 557518.
0.0028 557518.
0.0028 557518.
0.0042 491016.
0.0042 491016.
0.0042 491016.
0.0056 417292.
0.0056 417292.
0.0056 417292.
0.007 349767.
0.007 349767.
0.007 349767.
0.0084 298861.
0.0084 298861.
0.0084 298861.
0.0098 268922.
0.0098 268922.
0.0098 268922.
-0.0098 302781.
-0.0098 302193.
-0.0098 302781.
-0.0084 336816.
-0.0084 335328.
-0.0084 336816.
-0.007 372220.
-0.007 369477.
-0.007 372220.
-0.0056 406977.
-0.0056 402845.
-0.0056 406977.
-0.0042 438803.
-0.0042 433394.
-0.0042 438803.
-0.0028 464697.
-0.0028 458294.
-0.0028 464697.
-0.0014 481521.
-0.0014 474494.
-0.0014 481521.
8.64995e-19 486950.
8.50814e-19 479711.
8.64995e-19 486950.
0.0014 475029.
0.0014 468181.
0.0014 475029.
0.0028 443415.
0.0028 437698.
0.0028 443415.
0.0042 399126.
0.0042 395111.
0.0042 399126.
0.0056 349716.
0.0056 347563.
0.0056 349716.
0.007 300812.
0.007 300081.
0.007 300812.
0.0084 258508.
0.0084 258427.
0.0084 258508.
0.0098 230211.
0.0098 230241.
0.0098 230211.
-0.0098 354077.
-0.0098 353257.
-0.0098 354077.
-0.0084 396744.
-0.0084 395670.
-0.0084 396744.
-0.007 450640.
-0.007 449711.
-0.007 450640.
-0.0056 513732.
-0.0056 513572.
-0.0056 513732.
-0.0042 578700.
-0.0042 579793.
-0.0042 578700.
-0.0028 634551.
-0.0028 636938.
-0.0028 634551.
-0.0014 671535.
-0.0014 674839.
-0.0014 671535.
8.64995e-19 683929.
8.50814e-19 687554.
8.64995e-19 683929.
0.0014 658943.
0.0014 661962.
0.0014 658943.
0.0028 591922.
0.0028 593368.
0.0028 591922.
0.0042 502930.
0.0042 502663.
0.0042 502930.
0.0056 418530.
0.0056 417455.
0.0056 418530.
0.007 353296.
0.007 352406.
0.007 353296.
0.0084 307797.
0.0084 307330.
0.0084 307797.
0.0098 279742.
0.0098 279426.
0.0098 279742.
-0.0098 298404.
-0.0098 297699.
-0.0098 298404.
-0.0084 331746.
-0.0084 330088.
-0.0084 331746.
-0.007 365481.
-0.007 362441.
-0.007 365481.
-0.0056 398085.
-0.0056 393493.
-0.0056 398085.
-0.0042 430060.
-0.0042 424202.
-0.0042 430060.
-0.0028 457705.
-0.0028 450985.
-0.0028 457705.
-0.0014 475728.
-0.0014 468478.
-0.0014 475728.
8.64995e-19 481528.
8.50814e-19 474094.
8.64995e-19 481528.
0.0014 468920.
0.0014 461825.
0.0014 468920.
0.0028 435154.
0.0028 429024.
0.0028 435154.
0.0042 390412.
0.0042 385949.
0.0042 390412.
0.0056 343933.
0.0056 341555.
0.0056 343933.
0.007 296296.
0.007 295436.
0.007 296296.
0.0084 255243.
0.0084 255130.
0.0084 255243.
0.0098 227781.
0.0098 227843.
0.0098 227781.
-0.0098 349766.
-0.0098 349765.
-0.0098 349766.
-0.0084 395636.
-0.0084 395636.
-0.0084 395636.
-0.007 447496.
-0.007 447496.
-0.007 447496.
-0.0056 500415.
-0.0056 500415.
-0.0056 500415.
-0.0042 548937.
-0.0042 548937.
-0.0042 548937.
-0.0028 587824.
-0.0028 587824.
-0.0028 587824.
-0.0014 612770.
-0.0014 612770.
-0.0014 612770.
8.64995e-19 620936.
8.50814e-19 620936.
8.64995e-19 620936.
0.0014 603902.
0.0014 603902.
0.0014 603902.
0.0028 557518.
0.0028 557518.
0.0028 557518.
0.0042 491016.
0.0042 491016.
0.0042 491016.
0.0056 417292.
0.0056 417292.
0.0056 417292.
0.007 349767.
0.007 349767.
0.007 349767.
0.0084 298861.
0.0084 298861.
0.0084 298861.
0.0098 268922.
0.0098 268922.
0.0098 268922.
-0.0098 341349.
-0.0098 341282.
-0.0098 341349.
-0.0084 385583.
-0.0084 385392.
-0.0084 385583.
-0.007 434684.
-0.007 434284.
-0.007 434684.
-0.0056 483837.
-0.0056 483149.
-0.0056 483837.
-0.0042 528092.
-0.0042 527076.
-0.0042 528092.
-0.0028 563008.
-0.0028 561687.
-0.0028 563008.
-0.0014 585132.
-0.0014 583595.
-0.0014 585132.
8.64995e-19 592276.
8.50814e-19 590661.
8.64995e-19 592276.
0.0014 577102.
0.0014 575629.
0.0014 577102.
0.0028 535507.
0.0028 534402.
0.0028 535507.
0.0042 474782.
0.0042 474120.
0.0042 474782.
0.0056 405835.
0.0056 405538.
0.0056 405835.
0.007 341084.
0.007 340999.
0.007 341084.
0.0084 291211.
0.0084 291202.
0.0084 291211.
0.0098 261456.
0.0098 261459.
0.0098 261456.
-0.0098 339724.
-0.0098 339624.
-0.0098 339724.
-0.0084 383448.
-0.0084 383186.
-0.0084 383448.
-0.007 431918.
-0.007 431398.
-0.007 431918.
-0.0056 480516.
-0.0056 479665.
-0.0056 480516.
-0.0042 524454.
-0.0042 523251.
-0.0042 524454.
-0.0028 559310.
-0.0028 557798.
-0.0028 559310.
-0.0014 581508.
-0.0014 579785.
-0.0014 581508.
8.64995e-19 588702.
8.50814e-19 586904.
8.64995e-19 588702.
0.0014 573447.
0.0014 571786.
0.0014 573447.
0.0028 531830.
0.0028 530534.
0.0028 531830.
0.0042 471498.
0.0042 470676.
0.0042 471498.
0.0056 403350.
0.0056 402955.
0.0056 403350.
0.007 339373.
0.007 339248.
0.007 339373.
0.0084 289894.
0.0084 289876.
0.0084 289894.
0.0098 260220.
0.0098 260219.
0.0098 260220.
-0.0098 336304.
-0.0098 336173.
-0.0098 336304.
-0.0084 379332.
-0.0084 378986.
-0.0084 379332.
-0.007 426689.
-0.007 426000.
-0.007 426689.
-0.0056 473820.
-0.0056 472689.
-0.0056 473820.
-0.0042 516126.
-0.0042 514519.
-0.0042 516126.
-0.0028 549468.
-0.0028 547436.
-0.0028 549468.
-0.0014 570587.
-0.0014 568260.
-0.0014 570587.
8.64995e-19 577388.
8.50814e-19 574956.
8.64995e-19 577388.
0.0014 562849.
0.0014 560608.
0.0014 562849.
0.0028 523059.
0.0028 521325.
0.0028 523059.
0.0042 464936.
0.0042 463844.
0.0042 464936.
0.0056 398661.
0.0056 398140.
0.0056 398661.
0.007 335838.
0.007 335675.
0.007 335838.
0.0084 286823.
0.0084 286802.
0.0084 286823.
0.0098 257236.
0.0098 257238.
0.0098 257236.
-0.0098 349766.
-0.0098 349765.
-0.0098 349766.
-0.0084 395636.
-0.0084 395636.
-0.0084 395636.
-0.007 447496.
-0.007 447496.
-0.007 447496.
-0.0056 500415.
-0.0056 500415.
-0.0056 500415.
-0.0042 548937.
-0.0042 548937.
-0.0042 548937.
-0.0028 587824.
-0.0028 587824.
-0.0028 587824.
-0.0014 612770.
-0.0014 612770.
-0.0014 612770.
8.64995e-19 620936.
8.50814e-19 620936.
8.64995e-19 620936.
0.0014 603902.
0.0014 603902.
0.0014 603902.
0.0028 557518.
0.0028 557518.
0.0028 557518.
0.0042 491016.
0.0042 491016.
0.0042 491016.
0.0056 417292.
0.0056 417292.
0.0056 417292.
0.007 349767.
0.007 349767.
0.007 349767.
0.0084 298861.
0.0084 298861.
0.0084 298861.
0.0098 268922.
0.0098 268922.
0.0098 268922.
-0.0098 348871.
-0.0098 348864.
-0.0098 348871.
-0.0084 394573.
-0.0084 394553.
-0.0084 394573.
-0.007 446142.
-0.007 446101.
-0.007 446142.
-0.0056 498658.
-0.0056 498586.
-0.0056 498658.
-0.0042 546715.
-0.0042 546607.
-0.0042 546715.
-0.0028 585161.
-0.0028 585020.
-0.0028 585161.
-0.0014 609791.
-0.0014 609625.
-0.0014 609791.
8.64995e-19 617841.
8.50814e-19 617666.
8.64995e-19 617841.
0.0014 601017.
0.0014 600858.
0.0014 601017.
0.0028 555168.
0.0028 555050.
0.0028 555168.
0.0042 489296.
0.0042 489227.
0.0042 489296.
0.0056 416082.
0.0056 416051.
0.0056 416082.
0.007 348845.
0.007 348837.
0.007 348845.
0.0084 298044.
0.0084 298043.
0.0084 298044.
0.0098 268124.
0.0098 268124.
0.0098 268124.
-0.0098 348456.
-0.0098 348446.
-0.0098 348456.
-0.0084 394077.
-0.0084 394048.
-0.0084 394077.
-0.007 445510.
-0.007 445449.
-0.007 445510.
-0.0056 497841.
-0.0056 497735.
-0.0056 497841.
-0.0042 545688.
-0.0042 545530.
-0.0042 545688.
-0.0028 583941.
-0.0028 583734.
-0.0028 583941.
-0.0014 608432.
-0.0014 608190.
-0.0014 608432.
8.64995e-19 616433.
8.50814e-19 616179.
8.64995e-19 616433.
0.0014 599699.
0.0014 599468.
0.0014 599699.
0.0028 554084.
0.0028 553911.
0.0028 554084.
0.0042 488496.
0.0042 488393.
0.0042 488496.
0.0056 415516.
0.0056 415471.
0.0056 415516.
0.007 348417.
0.007 348404.
0.007 348417.
0.0084 297667.
0.0084 297666.
0.0084 297667.
0.0098 267756.
0.0098 267757.
0.0098 267756.
-0.0098 348025.
-0.0098 348011.
-0.0098 348025.
-0.0084 393563.
-0.0084 393524.
-0.0084 393563.
-0.007 444856.
-0.007 444774.
-0.007 444856.
-0.0056 496993.
-0.0056 496851.
-0.0056 496993.
-0.0042 544619.
-0.0042 544409.
-0.0042 544619.
-0.0028 582664.
-0.0028 582389.
-0.0028 582664.
-0.0014 607007.
-0.0014 606686.
-0.0014 607007.
8.64995e-19 614954.
8.50814e-19 614616.
8.64995e-19 614954.
0.0014 598318.
0.0014 598010.
0.0014 598318.
0.0028 552953.
0.0028 552724.
0.0028 552953.
0.0042 487665.
0.0042 487529.
0.0042 487665.
0.0056 414931.
0.0056 414870.
0.0056 414931.
0.007 347972.
0.007 347955.
0.007 347972.
0.0084 297274.
0.0084 297273.
0.0084 297274.
0.0098 267373.
0.0098 267373.
0.0098 267373.
-0.0098 349766.
-0.0098 349765.
-0.0098 349766.
-0.0084 395636.
-0.0084 395636.
-0.0084 395636.
-0.007 447496.
-0.007 447496.
-0.007 447496.
-0.0056 500415.
-0.0056 500415.
-0.0056 500415.
-0.0042 548937.
-0.0042 548937.
-0.0042 548937.
-0.0028 587824.
-0.0028 587824.
-0.0028 587824.
-0.0014 612770.
-0.0014 612770.
-0.0014 612770.
8.64995e-19 620936.
8.50814e-19 620936.
8.64995e-19 620936.
0.0014 603902.
0.0014 603902.
0.0014 603902.
0.0028 557518.
0.0028 557518.
0.0028 557518.
0.0042 491016.
0.0042 491016.
0.0042 491016.
0.0056 417292.
0.0056 417292.
0.0056 417292.
0.007 349767.
0.007 349767.
0.007 349767.
0.0084 298861.
0.0084 298861.
0.0084 298861.
0.0098 268922.
0.0098 268922.
0.0098 268922.
-0.0098 349676.
-0.0098 349675.
-0.0098 349676.
-0.0084 395529.
-0.0084 395527.
-0.0084 395529.
-0.007 447359.
-0.007 447355.
-0.007 447359.
-0.0056 500238.
-0.0056 500231.
-0.0056 500238.
-0.0042 548713.
-0.0042 548703.
-0.0042 548713.
-0.0028 587556.
-0.0028 587541.
-0.0028 587556.
-0.0014 612470.
-0.0014 612453.
-0.0014 612470.
8.64995e-19 620624.
8.50814e-19 620607.
8.64995e-19 620624.
0.0014 603611.
0.0014 603595.
0.0014 603611.
0.0028 557282.
0.0028 557270.
0.0028 557282.
0.0042 490843.
0.0042 490836.
0.0042 490843.
0.0056 417170.
0.0056 417167.
0.0056 417170.
0.007 349675.
0.007 349674.
0.007 349675.
0.0084 298779.
0.0084 298778.
0.0084 298779.
0.0098 268842.
0.0098 268842.
0.0098 268842.
-0.0098 349631.
-0.0098 349630.
-0.0098 349631.
-0.0084 395476.
-0.0084 395473.
-0.0084 395476.
-0.007 447292.
-0.007 447286.
-0.007 447292.
-0.0056 500150.
-0.0056 500140.
-0.0056 500150.
-0.0042 548602.
-0.0042 548586.
-0.0042 548602.
-0.0028 587423.
-0.0028 587401.
-0.0028 587423.
-0.0014 612321.
-0.0014 612296.
-0.0014 612321.
8.64995e-19 620470.
8.50814e-19 620443.
8.64995e-19 620470.
0.0014 603467.
0.0014 603443.
0.0014 603467.
0.0028 557164.
0.0028 557147.
0.0028 557164.
0.0042 490757.
0.0042 490746.
0.0042 490757.
0.0056 417110.
0.0056 417105.
0.0056 417110.
0.007 349629.
0.007 349627.
0.007 349629.
0.0084 298738.
0.0084 298738.
0.0084 298738.
0.0098 268802.
0.0098 268802.
0.0098 268802.
-0.0098 349586.
-0.0098 349585.
-0.0098 349586.
-0.0084 395423.
-0.0084 395419.
-0.0084 395423.
-0.007 447224.
-0.007 447216.
-0.007 447224.
-0.0056 500062.
-0.0056 500048.
-0.0056 500062.
-0.0042 548491.
-0.0042 548469.
-0.0042 548491.
-0.0028 587289.
-0.0028 587261.
-0.0028 587289.
-0.0014 612172.
-0.0014 612138.
-0.0014 612172.
8.64995e-19 620315.
8.50814e-19 620279.
8.64995e-19 620315.
0.0014 603322.
0.0014 603290.
0.0014 603322.
0.0028 557047.
0.0028 557023.
0.0028 557047.
0.0042 490671.
0.0042 490657.
0.0042 490671.
0.0056 417049.
0.0056 417043.
0.0056 417049.
0.007 349582.
0.007 349581.
0.007 349582.
0.0084 298697.
0.0084 298697.
0.0084 298697.
0.0098 268762.
0.0098 268762.
0.0098 268762.
-0.0098 349766.
-0.0098 349765.
-0.0098 349766.
-0.0084 395636.
-0.0084 395636.
-0.0084 395636.
-0.007 447496.
-0.007 447496.
-0.007 447496.
-0.0056 500415.
-0.0056 500415.
-0.0056 500415.
-0.0042 548937.
-0.0042 548937.
-0.0042 548937.
-0.0028 587824.
-0.0028 587824.
-0.0028 587824.
-0.0014 612770.
-0.0014 612770.
-0.0014 612770.
8.64995e-19 620936.
8.50814e-19 620936.
8.64995e-19 620936.
0.0014 603902.
0.0014 603902.
0.0014 603902.
0.0028 557518.
0.0028 557518.
0.0028 557518.
0.0042 491016.
0.0042 491016.
0.0042 491016.
0.0056 417292.
0.0056 417292.
0.0056 417292.
0.007 349767.
0.007 349767.
0.007 349767.
0.0084 298861.
0.0084 298861.
0.0084 298861.
0.0098 268922.
0.0098 268922.
0.0098 268922.
-0.0098 349757.
-0.0098 349756.
-0.0098 349757.
-0.0084 395625.
-0.0084 395625.
-0.0084 395625.
-0.007 447482.
-0.007 447481.
-0.007 447482.
-0.0056 500397.
-0.0056 500396.
-0.0056 500397.
-0.0042 548915.
-0.0042 548914.
-0.0042 548915.
-0.0028 587797.
-0.0028 587796.
-0.0028 587797.
-0.0014 612740.
-0.0014 612738.
-0.0014 612740.
8.64995e-19 620905.
8.50814e-19 620903.
8.64995e-19 620905.
0.0014 603873.
0.0014 603871.
0.0014 603873.
0.0028 557495.
0.0028 557494.
0.0028 557495.
0.0042 490998.
0.0042 490998.
0.0042 490998.
0.0056 417280.
0.0056 417280.
0.0056 417280.
0.007 349758.
0.007 349758.
0.007 349758.
0.0084 298853.
0.0084 298853.
0.0084 298853.
0.0098 268914.
0.0098 268914.
0.0098 268914.
-0.0098 349752.
-0.0098 349752.
-0.0098 349752.
-0.0084 395620.
-0.0084 395620.
-0.0084 395620.
-0.007 447475.
-0.007 447474.
-0.007 447475.
-0.0056 500388.
-0.0056 500387.
-0.0056 500388.
-0.0042 548903.
-0.0042 548902.
-0.0042 548903.
-0.0028 587784.
-0.0028 587782.
-0.0028 587784.
-0.0014 612725.
-0.0014 612722.
-0.0014 612725.
8.64995e-19 620889.
8.50814e-19 620887.
8.64995e-19 620889.
0.0014 603858.
0.0014 603856.
0.0014 603858.
0.0028 557483.
0.0028 557481.
0.0028 557483.
0.0042 490990.
0.0042 490989.
0.0042 490990.
0.0056 417274.
0.0056 417273.
0.0056 417274.
0.007 349754.
0.007 349753.
0.007 349754.
0.0084 298848.
0.0084 298848.
0.0084 298848.
0.0098 268910.
0.0098 268910.
0.0098 268910.
-0.0098 349748.
-0.0098 349747.
-0.0098 349748.
-0.0084 395615.
-0.0084 395614.
-0.0084 395615.
-0.007 447468.
-0.007 447467.
-0.007 447468.
-0.0056 500379.
-0.0056 500378.
-0.0056 500379.
-0.0042 548892.
-0.0042 548890.
-0.0042 548892.
-0.0028 587770.
-0.0028 587767.
-0.0028 587770.
-0.0014 612710.
-0.0014 612707.
-0.0014 612710.
8.64995e-19 620874.
8.50814e-19 620870.
8.64995e-19 620874.
0.0014 603844.
0.0014 603840.
0.0014 603844.
0.0028 557471.
0.0028 557469.
0.0028 557471.
0.0042 490981.
0.0042 490980.
0.0042 490981.
0.0056 417268.
0.0056 417267.
0.0056 417268.
0.007 349749.
0.007 349749.
0.007 349749.
0.0084 298844.
0.0084 298844.
0.0084 298844.
0.0098 268906.
0.0098 268906.
0.0098 268906.