-0.010479 445688
-0.010458 445702
-0.010437 445717
-0.010416 445731
-0.010395 445745
-0.010374 445759
-0.010353 445773
-0.010332 445787
-0.010311 445802
-0.01029 445816
-0.010269 445830
-0.010248 445845
-0.010227 445859
-0.010206 445874
-0.010185 445888
-0.010164 445903
-0.010143 445917
-0.010122 445932
-0.010101 445946
-0.01008 445961
-0.010059 445976
-0.010038 445990
-0.010017 446005
-0.009996 446020
-0.009975 446035
-0.009954 446050
-0.009933 446065
-0.009912 446079
-0.009891 446094
-0.00987 446109
-0.009849 446124
-0.009828 446139
-0.009807 446154
-0.009786 446170
-0.009765 446185
-0.009744 446200
-0.009723 446215
-0.009702 446230
-0.009681 446245
-0.00966 446260
-0.009639 446276
-0.009618 446291
-0.009597 446306
-0.009576 446322
-0.009555 446337
-0.009534 446352
-0.009513 446368
-0.009492 446383
-0.009471 446398
-0.00945 446414
-0.009429 446429
-0.009408 446445
-0.009387 446460
-0.009366 446476
-0.009345 446491
-0.009324 446507
-0.009303 446522
-0.009282 446538
-0.009261 446554
-0.00924 446569
-0.009219 446585
-0.009198 446600
-0.009177 446616
-0.009156 446632
-0.009135 446647
-0.009114 446663
-0.009093 446679
-0.009072 446694
-0.009051 446710
-0.00903 446726
-0.009009 446741
-0.008988 446757
-0.008967 446773
-0.008946 446788
-0.008925 446804
-0.008904 446820
-0.008883 446835
-0.008862 446851
-0.008841 446867
-0.00882 446883
-0.008799 446898
-0.008778 446914
-0.008757 446930
-0.008736 446946
-0.008715 446961
-0.008694 446977
-0.008673 446993
-0.008652 447008
-0.008631 447024
-0.00861 447040
-0.008589 447056
-0.008568 447071
-0.008547 447087
-0.008526 447103
-0.008505 447118
-0.008484 447134
-0.008463 447150
-0.008442 447165
-0.008421 447181
-0.0084 447197
-0.008379 447212
-0.008358 447228
-0.008337 447244
-0.008316 447259
-0.008295 447275
-0.008274 447290
-0.008253 447306
-0.008232 447321
-0.008211 447337
-0.00819 447353
-0.008169 447368
-0.008148 447383
-0.008127 447399
-0.008106 447414
-0.008085 447430
-0.008064 447445
-0.008043 447461
-0.008022 447476
-0.008001 447491
-0.00798 447507
-0.007959 447522
-0.007938 447537
-0.007917 447552
-0.007896 447568
-0.007875 447583
-0.007854 447598
-0.007833 447613
-0.007812 447628
-0.007791 447643
-0.00777 447659
-0.007749 447674
-0.007728 447689
-0.007707 447704
-0.007686 447719
-0.007665 447733
-0.007644 447748
-0.007623 447763
-0.007602 447778
-0.007581 447793
-0.00756 447808
-0.007539 447822
-0.007518 447837
-0.007497 447852
-0.007476 447866
-0.007455 447881
-0.007434 447895
-0.007413 447910
-0.007392 447924
-0.007371 447939
-0.00735 447953
-0.007329 447967
-0.007308 447982
-0.007287 447996
-0.007266 448010
-0.007245 448024
-0.007224 448038
-0.007203 448052
-0.007182 448066
-0.007161 448080
-0.00714 448094
-0.007119 448108
-0.007098 448122
-0.007077 448136
-0.007056 448150
-0.007035 448163
-0.007014 448177
-0.006993 448191
-0.006972 448204
-0.006951 448218
-0.00693 448231
-0.006909 448244
-0.006888 448258
-0.006867 448271
-0.006846 448284
-0.006825 448297
-0.006804 448310
-0.006783 448323
-0.006762 448336
-0.006741 448349
-0.00672 448362
-0.006699 448375
-0.006678 448388
-0.006657 448400
-0.006636 448413
-0.006615 448425
-0.006594 448438
-0.006573 448450
-0.006552 448463
-0.006531 448475
-0.00651 448487
-0.006489 448499
-0.006468 448511
-0.006447 448523
-0.006426 448535
-0.006405 448547
-0.006384 448559
-0.006363 448571
-0.006342 448582
-0.006321 448594
-0.0063 448605
-0.006279 448617
-0.006258 448628
-0.006237 448640
-0.006216 448651
-0.006195 448662
-0.006174 448673
-0.006153 448684
-0.006132 448695
-0.006111 448706
-0.00609 448716
-0.006069 448727
-0.006048 448738
-0.006027 448748
-0.006006 448759
-0.005985 448769
-0.005964 448779
-0.005943 448789
-0.005922 448799
-0.005901 448809
-0.00588 448819
-0.005859 448829
-0.005838 448839
-0.005817 448849
-0.005796 448858
-0.005775 448868
-0.005754 448877
-0.005733 448886
-0.005712 448895
-0.005691 448905
-0.00567 448914
-0.005649 448923
-0.005628 448931
-0.005607 448940
-0.005586 448949
-0.005565 448957
-0.005544 448966
-0.005523 448974
-0.005502 448982
-0.005481 448991
-0.00546 448999
-0.005439 449007
-0.005418 449014
-0.005397 449022
-0.005376 449030
-0.005355 449037
-0.005334 449045
-0.005313 449052
-0.005292 449059
-0.005271 449067
-0.00525 449074
-0.005229 449081
-0.005208 449087
-0.005187 449094
-0.005166 449101
-0.005145 449107
-0.005124 449114
-0.005103 449120
-0.005082 449126
-0.005061 449132
-0.00504 449138
-0.005019 449144
-0.004998 449150
-0.004977 449155
-0.004956 449161
-0.004935 449166
-0.004914 449171
-0.004893 449177
-0.004872 449182
-0.004851 449187
-0.00483 449191
-0.004809 449196
-0.004788 449201
-0.004767 449205
-0.004746 449209
-0.004725 449214
-0.004704 449218
-0.004683 449222
-0.004662 449226
-0.004641 449229
-0.00462 449233
-0.004599 449236
-0.004578 449240
-0.004557 449243
-0.004536 449246
-0.004515 449249
-0.004494 449252
-0.004473 449255
-0.004452 449257
-0.004431 449260
-0.00441 449262
-0.004389 449264
-0.004368 449266
-0.004347 449268
-0.004326 449270
-0.004305 449272
-0.004284 449273
-0.004263 449275
-0.004242 449276
-0.004221 449277
-0.0042 449278
-0.004179 449279
-0.004158 449280
-0.004137 449281
-0.004116 449281
-0.004095 449281
-0.004074 449282
-0.004053 449282
-0.004032 449282
-0.004011 449281
-0.00399 449281
-0.003969 449281
-0.003948 449280
-0.003927 449279
-0.003906 449278
-0.003885 449277
-0.003864 449276
-0.003843 449275
-0.003822 449273
-0.003801 449272
-0.00378 449270
-0.003759 449268
-0.003738 449266
-0.003717 449264
-0.003696 449261
-0.003675 449259
-0.003654 449256
-0.003633 449253
-0.003612 449250
-0.003591 449247
-0.00357 449244
-0.003549 449240
-0.003528 449237
-0.003507 449233
-0.003486 449229
-0.003465 449225
-0.003444 449221
-0.003423 449217
-0.003402 449212
-0.003381 449208
-0.00336 449203
-0.003339 449198
-0.003318 449193
-0.003297 449188
-0.003276 449182
-0.003255 449177
-0.003234 449171
-0.003213 449165
-0.003192 449159
-0.003171 449153
-0.00315 449147
-0.003129 449140
-0.003108 449133
-0.003087 449126
-0.003066 449119
-0.003045 449112
-0.003024 449105
-0.003003 449098
-0.002982 449090
-0.002961 449082
-0.00294 449074
-0.002919 449066
-0.002898 449058
-0.002877 449049
-0.002856 449040
-0.002835 449032
-0.002814 449023
-0.002793 449014
-0.002772 449004
-0.002751 448995
-0.00273 448985
-0.002709 448975
-0.002688 448965
-0.002667 448955
-0.002646 448945
-0.002625 448934
-0.002604 448924
-0.002583 448913
-0.002562 448902
-0.002541 448891
-0.00252 448879
-0.002499 448868
-0.002478 448856
-0.002457 448844
-0.002436 448832
-0.002415 448820
-0.002394 448808
-0.002373 448795
-0.002352 448782
-0.002331 448769
-0.00231 448756
-0.002289 448743
-0.002268 448730
-0.002247 448716
-0.002226 448702
-0.002205 448688
-0.002184 448674
-0.002163 448660
-0.002142 448645
-0.002121 448630
-0.0021 448616
-0.002079 448601
-0.002058 448585
-0.002037 448570
-0.002016 448554
-0.001995 448539
-0.001974 448523
-0.001953 448506
-0.001932 448490
-0.001911 448474
-0.00189 448457
-0.001869 448440
-0.001848 448423
-0.001827 448406
-0.001806 448388
-0.001785 448371
-0.001764 448353
-0.001743 448335
-0.001722 448317
-0.001701 448299
-0.00168 448280
-0.001659 448261
-0.001638 448242
-0.001617 448223
-0.001596 448204
-0.001575 448185
-0.001554 448165
-0.001533 448145
-0.001512 448125
-0.001491 448105
-0.00147 448085
-0.001449 448064
-0.001428 448043
-0.001407 448022
-0.001386 448001
-0.001365 447980
-0.001344 447958
-0.001323 447937
-0.001302 447915
-0.001281 447893
-0.00126 447870
-0.001239 447848
-0.001218 447825
-0.001197 447802
-0.001176 447779
-0.001155 447756
-0.001134 447733
-0.001113 447709
-0.001092 447685
-0.001071 447661
-0.00105 447637
-0.001029 447612
-0.001008 447588
-0.000987 447563
-0.000966 447538
-0.000945 447513
-0.000924 447488
-0.000903 447462
-0.000882 447436
-0.000861 447410
-0.00084 447384
-0.000819 447358
-0.000798 447331
-0.000777 447305
-0.000756 447278
-0.000735 447251
-0.000714 447223
-0.000693 447196
-0.000672 447168
-0.000651 447140
-0.00063 447112
-0.000609 447084
-0.000588 447056
-0.000567 447027
-0.000546 446998
-0.000525 446969
-0.000504 446940
-0.000483 446910
-0.000462 446881
-0.000441 446851
-0.00042 446821
-0.000399 446791
-0.000378 446760
-0.000357 446729
-0.000336 446699
-0.000315 446668
-0.000294 446636
-0.000273 446605
-0.000252 446573
-0.000231 446542
-0.00021 446510
-0.000189 446477
-0.000168 446445
-0.000147 446412
-0.000126 446380
-0.000105 446347
-8.4e-05 446313
-6.3e-05 446280
-4.2e-05 446246
-2.1e-05 446213
0 446179
2.1e-05 446144
4.2e-05 446110
6.3e-05 446076
8.4e-05 446041
0.000105 446006
0.000126 445971
0.000147 445935
0.000168 445900
0.000189 445864
0.00021 445828
0.000231 445792
0.000252 445756
0.000273 445719
0.000294 445682
0.000315 445645
0.000336 445608
0.000357 445571
0.000378 445533
0.000399 445496
0.00042 445458
0.000441 445420
0.000462 445381
0.000483 445343
0.000504 445304
0.000525 445265
0.000546 445226
0.000567 445187
0.000588 445148
0.000609 445108
0.00063 445068
0.000651 445028
0.000672 444988
0.000693 444947
0.000714 444907
0.000735 444866
0.000756 444825
0.000777 444784
0.000798 444742
0.000819 444701
0.00084 444659
0.000861 444617
0.000882 444575
0.000903 444532
0.000924 444490
0.000945 444447
0.000966 444404
0.000987 444361
0.001008 444318
0.001029 444274
0.00105 444230
0.001071 444187
0.001092 444143
0.001113 444098
0.001134 444054
0.001155 444009
0.001176 443964
0.001197 443919
0.001218 443874
0.001239 443829
0.00126 443783
0.001281 443737
0.001302 443691
0.001323 443645
0.001344 443599
0.001365 443552
0.001386 443506
0.001407 443459
0.001428 443412
0.001449 443365
0.00147 443317
0.001491 443269
0.001512 443222
0.001533 443174
0.001554 443126
0.001575 443077
0.001596 443029
0.001617 442980
0.001638 442931
0.001659 442882
0.00168 442833
0.001701 442783
0.001722 442734
0.001743 442684
0.001764 442634
0.001785 442584
0.001806 442533
0.001827 442483
0.001848 442432
0.001869 442382
0.00189 442330
0.001911 442279
0.001932 442228
0.001953 442176
0.001974 442125
0.001995 442073
0.002016 442021
0.002037 441969
0.002058 441916
0.002079 441864
0.0021 441811
0.002121 441758
0.002142 441705
0.002163 441652
0.002184 441598
0.002205 441545
0.002226 441491
0.002247 441437
0.002268 441383
0.002289 441329
0.00231 441274
0.002331 441220
0.002352 441165
0.002373 441110
0.002394 441055
0.002415 441000
0.002436 440944
0.002457 440889
0.002478 440833
0.002499 440777
0.00252 440721
0.002541 440665
0.002562 440609
0.002583 440552
0.002604 440496
0.002625 440439
0.002646 440382
0.002667 440325
0.002688 440268
0.002709 440210
0.00273 440153
0.002751 440095
0.002772 440037
0.002793 439979
0.002814 439921
0.002835 439863
0.002856 439804
0.002877 439746
0.002898 439687
0.002919 439628
0.00294 439569
0.002961 439510
0.002982 439450
0.003003 439391
0.003024 439331
0.003045 439272
0.003066 439212
0.003087 439152
0.003108 439092
0.003129 439031
0.00315 438971
0.003171 438910
0.003192 438849
0.003213 438789
0.003234 438728
0.003255 438666
0.003276 438605
0.003297 438544
0.003318 438482
0.003339 438421
0.00336 438359
0.003381 438297
0.003402 438235
0.003423 438173
0.003444 438110
0.003465 438048
0.003486 437985
0.003507 437923
0.003528 437860
0.003549 437797
0.00357 437734
0.003591 437671
0.003612 437608
0.003633 437544
0.003654 437481
0.003675 437417
0.003696 437353
0.003717 437289
0.003738 437225
0.003759 437161
0.00378 437097
0.003801 437033
0.003822 436968
0.003843 436904
0.003864 436839
0.003885 436774
0.003906 436709
0.003927 436644
0.003948 436579
0.003969 436514
0.00399 436448
0.004011 436383
0.004032 436318
0.004053 436252
0.004074 436186
0.004095 436120
0.004116 436054
0.004137 435988
0.004158 435922
0.004179 435856
0.0042 435789
0.004221 435723
0.004242 435656
0.004263 435590
0.004284 435523
0.004305 435456
0.004326 435389
0.004347 435322
0.004368 435255
0.004389 435188
0.00441 435121
0.004431 435053
0.004452 434986
0.004473 434918
0.004494 434851
0.004515 434783
0.004536 434715
0.004557 434647
0.004578 434579
0.004599 434511
0.00462 434443
0.004641 434375
0.004662 434306
0.004683 434238
0.004704 434169
0.004725 434101
0.004746 434032
0.004767 433964
0.004788 433895
0.004809 433826
0.00483 433757
0.004851 433688
0.004872 433619
0.004893 433550
0.004914 433481
0.004935 433411
0.004956 433342
0.004977 433273
0.004998 433203
0.005019 433133
0.00504 433064
0.005061 432994
0.005082 432924
0.005103 432855
0.005124 432785
0.005145 432715
0.005166 432645
0.005187 432575
0.005208 432505
0.005229 432435
0.00525 432364
0.005271 432294
0.005292 432224
0.005313 432153
0.005334 432083
0.005355 432012
0.005376 431942
0.005397 431871
0.005418 431801
0.005439 431730
0.00546 431659
0.005481 431589
0.005502 431518
0.005523 431447
0.005544 431376
0.005565 431305
0.005586 431234
0.005607 431163
0.005628 431092
0.005649 431021
0.00567 430949
0.005691 430878
0.005712 430807
0.005733 430736
0.005754 430664
0.005775 430593
0.005796 430522
0.005817 430450
0.005838 430379
0.005859 430307
0.00588 430236
0.005901 430164
0.005922 430093
0.005943 430021
0.005964 429949
0.005985 429878
0.006006 429806
0.006027 429734
0.006048 429662
0.006069 429591
0.00609 429519
0.006111 429447
0.006132 429375
0.006153 429303
0.006174 429231
0.006195 429159
0.006216 429088
0.006237 429016
0.006258 428944
0.006279 428872
0.0063 428800
0.006321 428728
0.006342 428656
0.006363 428584
0.006384 428511
0.006405 428439
0.006426 428367
0.006447 428295
0.006468 428223
0.006489 428151
0.00651 428079
0.006531 428007
0.006552 427935
0.006573 427862
0.006594 427790
0.006615 427718
0.006636 427646
0.006657 427574
0.006678 427502
0.006699 427429
0.00672 427357
0.006741 427285
0.006762 427213
0.006783 427141
0.006804 427068
0.006825 426996
0.006846 426924
0.006867 426852
0.006888 426780
0.006909 426708
0.00693 426635
0.006951 426563
0.006972 426491
0.006993 426419
0.007014 426347
0.007035 426275
0.007056 426203
0.007077 426130
0.007098 426058
0.007119 425986
0.00714 425914
0.007161 425842
0.007182 425770
0.007203 425698
0.007224 425626
0.007245 425554
0.007266 425482
0.007287 425410
0.007308 425338
0.007329 425266
0.00735 425194
0.007371 425122
0.007392 425050
0.007413 424978
0.007434 424907
0.007455 424835
0.007476 424763
0.007497 424691
0.007518 424619
0.007539 424548
0.00756 424476
0.007581 424404
0.007602 424332
0.007623 424261
0.007644 424189
0.007665 424118
0.007686 424046
0.007707 423974
0.007728 423903
0.007749 423831
0.00777 423760
0.007791 423688
0.007812 423617
0.007833 423546
0.007854 423474
0.007875 423403
0.007896 423332
0.007917 423260
0.007938 423189
0.007959 423118
0.00798 423047
0.008001 422976
0.008022 422905
0.008043 422834
0.008064 422763
0.008085 422692
0.008106 422621
0.008127 422550
0.008148 422479
0.008169 422408
0.00819 422337
0.008211 422267
0.008232 422196
0.008253 422125
0.008274 422055
0.008295 421984
0.008316 421913
0.008337 421843
0.008358 421772
0.008379 421702
0.0084 421632
0.008421 421561
0.008442 421491
0.008463 421421
0.008484 421350
0.008505 421280
0.008526 421210
0.008547 421140
0.008568 421070
0.008589 421000
0.00861 420930
0.008631 420860
0.008652 420790
0.008673 420720
0.008694 420651
0.008715 420581
0.008736 420511
0.008757 420442
0.008778 420372
0.008799 420303
0.00882 420233
0.008841 420164
0.008862 420094
0.008883 420025
0.008904 419956
0.008925 419887
0.008946 419817
0.008967 419748
0.008988 419679
0.009009 419610
0.00903 419541
0.009051 419472
0.009072 419404
0.009093 419335
0.009114 419266
0.009135 419197
0.009156 419129
0.009177 419060
0.009198 418992
0.009219 418923
0.00924 418855
0.009261 418786
0.009282 418718
0.009303 418650
0.009324 418582
0.009345 418513
0.009366 418445
0.009387 418377
0.009408 418309
0.009429 418241
0.00945 418174
0.009471 418106
0.009492 418038
0.009513 417970
0.009534 417903
0.009555 417835
0.009576 417768
0.009597 417700
0.009618 417633
0.009639 417566
0.00966 417498
0.009681 417431
0.009702 417364
0.009723 417297
0.009744 417230
0.009765 417163
0.009786 417096
0.009807 417029
0.009828 416962
0.009849 416896
0.00987 416829
0.009891 416762
0.009912 416696
0.009933 416629
0.009954 416563
0.009975 416497
0.009996 416430
0.010017 416364
0.010038 416298
0.010059 416232
0.01008 416166
0.010101 416100
0.010122 416034
0.010143 415968
0.010164 415902
0.010185 415836
0.010206 415771
0.010227 415705
0.010248 415639
0.010269 415574
0.01029 415509
0.010311 415443
0.010332 415378
0.010353 415313
0.010374 415248
0.010395 415182
0.010416 415117
0.010437 415052
0.010458 414987
