#T
5.0505050505050505E-5 308.88032433737294
1.5151515151515152E-4 325.83119403064154
2.525252525252525E-4 342.1055892232423
3.5353535353535354E-4 357.78735131020613
4.5454545454545455E-4 372.9469483455172
5.555555555555556E-4 387.64384835439114
6.565656565656566E-4 401.9297369936511
7.575757575757576E-4 415.84883851547187
8.585858585858586E-4 429.44025604224123
9.595959595959596E-4 442.7385453715749
0.0010606060606060605 455.77419135536843
0.0011616161616161617 468.5745629140907
0.0012626262626262625 481.16448418497487
0.0013636363636363637 493.56611867077
0.0014646464646464645 505.80007744802765
0.0015656565656565658 517.8849455022901
0.0016666666666666666 529.8379376391777
0.0017676767676767678 541.6750659473022
0.0018686868686868686 553.411285696795
0.00196969696969697 565.0606235131554
0.0020707070707070706 576.635956439843
0.002171717171717172 588.150029806287
0.0022727272727272726 599.6144475561072
0.002373737373737374 611.0407581091802
0.0024747474747474746 622.4395078125411
0.002575757575757576 633.8214844678464
0.0026767676767676767 645.1966753951706
0.002777777777777778 656.574969787982
0.0028787878787878787 667.9661812445198
0.00297979797979798 679.3795219141547
0.0030808080808080807 690.8245863127488
0.003181818181818182 702.3104567046701
0.0032828282828282827 713.8463809423523
0.003383838383838384 725.4413736435383
0.0034848484848484847 737.1046753049395
0.003585858585858586 748.845221334622
0.0036868686868686868 760.6722206346028
0.003787878787878788 772.5949024480448
0.0038888888888888888 784.6224831147186
0.00398989898989899 796.7642996932481
0.004090909090909091 809.029816286234
0.004191919191919191 821.428415353238
0.004292929292929293 833.9700306896376
0.0043939393939393945 846.6642259903006
0.004494949494949494 859.5211621785185
0.004595959595959596 872.5509187468155
0.004696969696969698 885.7638122449423
0.004797979797979798 899.1703319684995
0.004898989898989899 912.781099404201
0.004999999999999999 926.6070342755005
0.005101010101010101 940.6592379593384
0.0052020202020202026 954.9490466861353
0.0053030303030303025 969.4878169248519
0.005404040404040404 984.2875114311165
0.005505050505050506 999.3600810622858
0.005606060606060606 1014.7220977853303
0.005707070707070707 1030.39192414876
0.005808080808080807 1046.383807112
0.005909090909090909 1062.712245270282
0.006010101010101011 1079.3920346486084
0.0061111111111111106 1096.4383699121188
0.006212121212121212 1113.8667473122491
0.006313131313131314 1131.692874433917
0.006414141414141414 1149.9329216849358
0.0065151515151515155 1168.6031351691252
0.006616161616161615 1187.720174673401
0.006717171717171717 1207.300736533992
0.006818181818181819 1227.3616748130098
0.006919191919191919 1247.9198446005569
0.00702020202020202 1268.9919033952897
0.007121212121212122 1290.5941823795997
0.007222222222222222 1312.7425112158187
0.0073232323232323236 1335.4516883236454
0.0074242424242424235 1358.7351906822385
0.007525252525252525 1382.604527906106
0.007626262626262627 1407.0685661015325
0.007727272727272727 1432.1324032773916
0.007828282828282828 1457.7962408903325
0.007929292929292928 1484.0534192265607
0.00803030303030303 1510.8876494438443
0.008131313131313132 1538.2687566820543
0.008232323232323233 1566.145295413854
0.008333333333333333 1594.4311195549246
0.008434343434343433 1622.9795119427076
0.008535353535353535 1651.5290979102
0.008636363636363636 1679.58441287882
0.008737373737373738 1706.1227483326086
0.008838383838383838 1728.7255985778474
0.00893939393939394 1740.4605842037047
0.00904040404040404 1735.7887396627516
0.009141414141414141 1711.7851174675272
0.009242424242424243 1666.3472475524982
0.009343434343434345 1598.320444793552
0.009444444444444445 1506.9064446879406
0.009545454545454544 1391.051514454911
0.009646464646464646 1248.855833218735
0.009747474747474748 1076.3821669384345
0.00984848484848485 865.560267133942
0.00994949494949495 581.4910554259409
0.01 300.0