x           y           z           G           L           T
0.000050 0.000000 0.000000 17701.917434 2079.966811 309.464616
0.000150 0.000000 0.000000 17817.667090 2626.999915 328.066520
0.000250 0.000000 0.000000 17933.493507 3245.237278 345.866510
0.000350 0.000000 0.000000 18049.799543 3936.353514 362.969740
0.000450 0.000000 0.000000 18166.914434 4702.084093 379.463052
0.000550 0.000000 0.000000 18285.113675 5544.261237 395.419260
0.000650 0.000000 0.000000 18404.632547 6464.840461 410.900198
0.000750 0.000000 0.000000 18525.675547 7465.920728 425.958943
0.000850 0.000000 0.000000 18648.423060 8549.760382 440.641486
0.000950 0.000000 0.000000 18773.036165 9718.790364 454.988009
0.001050 0.000000 0.000000 18899.660123 10975.625772 469.033886
0.001150 0.000000 0.000000 19028.426933 12323.076533 482.810475
0.001250 0.000000 0.000000 19159.457203 13764.157739 496.345750
0.001350 0.000000 0.000000 19292.861520 15302.100012 509.664819
0.001450 0.000000 0.000000 19428.741442 16940.360227 522.790344
0.001550 0.000000 0.000000 19567.190206 18682.632789 535.742891
0.001650 0.000000 0.000000 19708.293206 20532.861650 548.541219
0.001750 0.000000 0.000000 19852.128307 22495.253214 561.202528
0.001850 0.000000 0.000000 19998.766025 24574.290235 573.742661
0.001950 0.000000 0.000000 20148.269595 26774.746855 586.176280
0.002050 0.000000 0.000000 20300.694967 29101.704855 598.517020
0.002150 0.000000 0.000000 20456.090725 31560.571245 610.777614
0.002250 0.000000 0.000000 20614.497975 34157.097304 622.970005
0.002350 0.000000 0.000000 20775.950185 36897.399166 635.105445
0.002450 0.000000 0.000000 20940.473015 39787.980096 647.194578
0.002550 0.000000 0.000000 21108.084129 42835.754574 659.247517
0.002650 0.000000 0.000000 21278.793015 46048.074328 671.273906
0.002750 0.000000 0.000000 21452.600809 49432.756484 683.282982
0.002850 0.000000 0.000000 21629.500153 52998.113988 695.283625
0.002950 0.000000 0.000000 21809.475074 56752.988504 707.284403
0.003050 0.000000 0.000000 21992.500921 60706.785982 719.293619
0.003150 0.000000 0.000000 22178.544343 64869.515141 731.319343
0.003250 0.000000 0.000000 22367.563353 69251.829102 743.369451
0.003350 0.000000 0.000000 22559.512837 73865.070478 755.451654
0.003450 0.000000 0.000000 22754.321991 78721.320217 767.573530
0.003550 0.000000 0.000000 22951.903451 83833.450551 779.742548
0.003650 0.000000 0.000000 23152.176304 89215.182468 791.966095
0.003750 0.000000 0.000000 23355.051067 94881.148112 804.251501
0.003850 0.000000 0.000000 23560.430209 100846.958636 816.606060
0.003950 0.000000 0.000000 23768.208806 107129.278057 829.037054
0.004050 0.000000 0.000000 23978.275361 113745.903756 841.551772
0.004150 0.000000 0.000000 24190.512804 120715.854341 854.157533
0.004250 0.000000 0.000000 24404.799672 128059.465699 866.861707
0.004350 0.000000 0.000000 24621.011494 135798.496186 879.671734
0.004450 0.000000 0.000000 24839.022393 143956.242032 892.595149
0.004550 0.000000 0.000000 25058.706906 152557.664214 905.639601
0.004650 0.000000 0.000000 25279.942052 161629.528250 918.812878
0.004750 0.000000 0.000000 25502.609633 171200.558599 932.122930
0.004850 0.000000 0.000000 25726.598804 181301.609635 945.577897
0.004950 0.000000 0.000000 25951.808895 191965.855506 959.186139
0.005050 0.000000 0.000000 26178.152511 203229.001610 972.956263
0.005150 0.000000 0.000000 26405.558908 215129.520891 986.897161
0.005250 0.000000 0.000000 26633.977655 227708.918366 1001.018047
0.005350 0.000000 0.000000 26863.410533 241016.564222 1015.333277
0.005450 0.000000 0.000000 27093.889020 255105.858262 1029.857190
0.005550 0.000000 0.000000 27325.459933 270031.540101 1044.601200
0.005650 0.000000 0.000000 27558.209237 285853.061020 1059.577211
0.005750 0.000000 0.000000 27792.267298 302635.060729 1074.797648
0.005850 0.000000 0.000000 28027.814448 320447.899318 1090.275504
0.005950 0.000000 0.000000 28265.086890 339368.251496 1106.024379
0.006050 0.000000 0.000000 28504.382939 359479.771217 1122.058529
0.006150 0.000000 0.000000 28746.069631 380873.835860 1138.392910
0.006250 0.000000 0.000000 28990.589726 403650.380450 1155.043230
0.006350 0.000000 0.000000 29238.469147 427918.833809 1172.026004
0.006450 0.000000 0.000000 29490.324903 453799.170199 1189.358612
0.006550 0.000000 0.000000 29746.873566 481423.091889 1207.059356
0.006650 0.000000 0.000000 30008.940378 510935.360239 1225.147526
0.006750 0.000000 0.000000 30277.469100 542495.295388 1243.643463
0.006850 0.000000 0.000000 30553.532720 576278.467598 1262.568632
0.006950 0.000000 0.000000 30838.345179 612478.606854 1281.945695
0.007050 0.000000 0.000000 31133.274306 651309.761772 1301.798582
0.007150 0.000000 0.000000 31439.856181 693008.744651 1322.152577
0.007250 0.000000 0.000000 31759.811237 737837.907411 1343.034405
0.007350 0.000000 0.000000 32095.062440 786088.304412 1364.472323
0.007450 0.000000 0.000000 32447.756049 838083.314809 1386.496239
0.007550 0.000000 0.000000 32820.285592 894182.822149 1409.137842
0.007650 0.000000 0.000000 33215.319941 954788.086409 1432.430782
0.007750 0.000000 0.000000 33635.836754 1020347.499026 1456.410909
0.007850 0.000000 0.000000 34085.162986 1091363.486369 1481.116609
0.007950 0.000000 0.000000 34567.024781 1168400.914217 1506.589267
0.008050 0.000000 0.000000 35085.609394 1252097.402076 1532.873887
0.008150 0.000000 0.000000 35645.641088 1343175.841107 1560.019817
0.008250 0.000000 0.000000 36252.468680 1442458.722907 1588.081351
0.008350 0.000000 0.000000 36912.147482 1550881.517347 1617.117408
0.008450 0.000000 0.000000 37631.452964 1669495.100626 1647.188056
0.008550 0.000000 0.000000 38417.623900 1799425.046644 1678.341516
0.008650 0.000000 0.000000 39277.160649 1941680.504044 1710.571925
0.008750 0.000000 0.000000 40211.038452 2096392.724166 1743.673062
0.008850 0.000000 0.000000 41192.820275 2259333.304694 1776.609472
0.008950 0.000000 0.000000 42048.224393 2402756.094877 1804.156964
0.009050 0.000000 0.000000 42018.873627 2406013.273887 1804.768083
0.009150 0.000000 0.000000 40763.404452 2214880.547169 1767.805474
0.009250 0.000000 0.000000 39013.871907 1945922.003635 1711.505324
0.009350 0.000000 0.000000 36971.117893 1631130.828498 1637.642484
0.009450 0.000000 0.000000 34755.022995 1289700.100562 1544.255229
0.009550 0.000000 0.000000 32527.738804 947690.469487 1429.761260
0.009650 0.000000 0.000000 30461.765586 632968.625991 1292.535391
0.009750 0.000000 0.000000 28703.817147 369284.978796 1129.632836
0.009850 0.000000 0.000000 27357.998603 172764.027673 934.243806
0.009950 0.000000 0.000000 26487.467621 50261.001393 686.127271