x           y           z           G           L           T
0.005000 0.000000 0.000000 2776265.498055 2803342.880452 1875.063381
0.015000 0.000000 0.000000 2753321.737763 2743652.465408 1865.001442
0.025000 0.000000 0.000000 2730935.810692 2722992.382473 1861.480555
0.035000 0.000000 0.000000 2709071.905177 2705465.583302 1858.477898
0.045000 0.000000 0.000000 2687682.882629 2686131.735118 1855.148691
0.055000 0.000000 0.000000 2666728.193713 2665947.353313 1851.653794
0.065000 0.000000 0.000000 2646173.088627 2645702.232749 1848.128389
0.075000 0.000000 0.000000 2625986.611410 2625679.170306 1844.621694
0.085000 0.000000 0.000000 2606140.594259 2605935.930807 1841.144313
0.095000 0.000000 0.000000 2586609.219261 2586470.208446 1837.696412
0.105000 0.000000 0.000000 2567368.770506 2567270.773880 1834.276561
0.115000 0.000000 0.000000 2548397.438631 2548325.234379 1830.883079
0.125000 0.000000 0.000000 2529675.148324 2529619.780040 1827.513986
0.135000 0.000000 0.000000 2511183.405267 2511139.564341 1824.167063
0.145000 0.000000 0.000000 2492905.160239 2492869.601724 1820.840010
0.155000 0.000000 0.000000 2474824.687314 2474795.378392 1817.530558
0.165000 0.000000 0.000000 2456927.473639 2456903.098850 1814.236517
0.175000 0.000000 0.000000 2439200.119120 2439179.766350 1810.955795
0.185000 0.000000 0.000000 2421630.244857 2421613.220611 1807.686405
0.195000 0.000000 0.000000 2404206.409359 2404192.151323 1804.426477
0.205000 0.000000 0.000000 2386918.031713 2386906.076325 1801.174251
0.215000 0.000000 0.000000 2369755.321024 2369745.288275 1797.928076
0.225000 0.000000 0.000000 2352709.211569 2352700.788168 1794.686400
0.235000 0.000000 0.000000 2335771.303195 2335764.222895 1791.447758
0.245000 0.000000 0.000000 2318933.806523 2318927.833803 1788.210767
0.255000 0.000000 0.000000 2302189.492565 2302184.414273 1784.974123
0.265000 0.000000 0.000000 2285531.646372 2285527.271094 1781.736591
0.275000 0.000000 0.000000 2268954.024345 2268950.185883 1778.497002
0.285000 0.000000 0.000000 2252450.814912 2252447.375757 1775.254248
0.295000 0.000000 0.000000 2236016.602272 2236013.454532 1772.007274
0.305000 0.000000 0.000000 2219646.332956 2219643.396237 1768.755075
0.315000 0.000000 0.000000 2203335.284962 2203332.502125 1765.496689
0.325000 0.000000 0.000000 2187079.039264 2187076.371401 1762.231193
0.335000 0.000000 0.000000 2170873.453468 2170870.875222 1758.957699
0.345000 0.000000 0.000000 2154714.637445 2154712.133234 1755.675350
0.355000 0.000000 0.000000 2138598.930754 2138596.491978 1752.383316
0.365000 0.000000 0.000000 2122522.881693 2122520.504742 1749.080793
0.375000 0.000000 0.000000 2106483.227829 2106480.912632 1745.766998
0.385000 0.000000 0.000000 2090476.877865 2090474.626775 1742.441164
0.395000 0.000000 0.000000 2074500.894708 2074498.711611 1739.102541
0.405000 0.000000 0.000000 2058552.479634 2058550.369226 1735.750391
0.415000 0.000000 0.000000 2042628.957409 2042626.924645 1732.383985
0.425000 0.000000 0.000000 2026727.762296 2026725.811977 1729.002602
0.435000 0.000000 0.000000 2010846.424816 2010844.561317 1725.605524
0.445000 0.000000 0.000000 1994982.559184 1994980.786289 1722.192036
0.455000 0.000000 0.000000 1979133.851338 1979132.172148 1718.761420
0.465000 0.000000 0.000000 1963298.047459 1963296.464352 1715.312958
0.475000 0.000000 0.000000 1947472.942915 1947471.457533 1711.845922
0.485000 0.000000 0.000000 1931656.371549 1931654.984805 1708.359578
0.495000 0.000000 0.000000 1915846.195228 1915844.907329 1704.853182
0.505000 0.000000 0.000000 1900040.293591 1900039.104062 1701.325972
0.515000 0.000000 0.000000 1884236.553915 1884235.461637 1697.777175
0.525000 0.000000 0.000000 1868432.861036 1868431.864291 1694.205992
0.535000 0.000000 0.000000 1852627.087248 1852626.183767 1690.611608
0.545000 0.000000 0.000000 1836817.082112 1836816.269129 1686.993179
0.555000 0.000000 0.000000 1821000.662103 1820999.936416 1683.349832
0.565000 0.000000 0.000000 1805175.600027 1805174.958054 1679.680662
0.575000 0.000000 0.000000 1789339.614124 1789339.051969 1675.984730
0.585000 0.000000 0.000000 1773490.356795 1773489.870304 1672.261054
0.595000 0.000000 0.000000 1757625.402854 1757624.987678 1668.508609
0.605000 0.000000 0.000000 1741742.237246 1741741.888895 1664.726322
0.615000 0.000000 0.000000 1725838.242124 1725837.956025 1660.913065
0.625000 0.000000 0.000000 1709910.683204 1709910.454748 1657.067651
0.635000 0.000000 0.000000 1693956.695303 1693956.519892 1653.188829
0.645000 0.000000 0.000000 1677973.266947 1677973.140038 1649.275275
0.655000 0.000000 0.000000 1661957.223954 1661957.141095 1645.325589
0.665000 0.000000 0.000000 1645905.211864 1645905.168725 1641.338284
0.675000 0.000000 0.000000 1629813.677094 1629813.669499 1637.311779
0.685000 0.000000 0.000000 1613678.846688 1613678.870632 1633.244391
0.695000 0.000000 0.000000 1597496.706509 1597496.758180 1629.134323
0.705000 0.000000 0.000000 1581262.977722 1581263.053517 1624.979656
0.715000 0.000000 0.000000 1564973.091405 1564973.187935 1620.778334
0.725000 0.000000 0.000000 1548622.161085 1548622.275184 1616.528153
0.735000 0.000000 0.000000 1532204.953032 1532205.081757 1612.226747
0.745000 0.000000 0.000000 1515715.854066 1515715.994700 1607.871568
0.755000 0.000000 0.000000 1499148.836668 1499148.986714 1603.459873
0.765000 0.000000 0.000000 1482497.421129 1482497.578303 1598.988703
0.775000 0.000000 0.000000 1465754.634474 1465754.796699 1594.454859
0.785000 0.000000 0.000000 1448912.965852 1448913.131246 1589.854880
0.795000 0.000000 0.000000 1431964.318075 1431964.484943 1585.185018
0.805000 0.000000 0.000000 1414899.954964 1414900.121781 1580.441202
0.815000 0.000000 0.000000 1397710.444097 1397710.609500 1575.619013
0.825000 0.000000 0.000000 1380385.594564 1380385.757336 1570.713638
0.835000 0.000000 0.000000 1362914.389272 1362914.548329 1565.719838
0.845000 0.000000 0.000000 1345284.911297 1345285.065677 1560.631892
0.855000 0.000000 0.000000 1327484.263760 1327484.412608 1555.443552
0.865000 0.000000 0.000000 1309498.482637 1309498.625195 1550.147981
0.875000 0.000000 0.000000 1291312.441871 1291312.577467 1544.737688
0.885000 0.000000 0.000000 1272909.750089 1272909.878125 1539.204454
0.895000 0.000000 0.000000 1254272.638174 1254272.758122 1533.539245
0.905000 0.000000 0.000000 1235381.836882 1235381.948270 1527.732121
0.915000 0.000000 0.000000 1216216.443581 1216216.545992 1521.772123
0.925000 0.000000 0.000000 1196753.777180 1196753.870243 1515.647151
0.935000 0.000000 0.000000 1176969.220152 1176969.303541 1509.343821
0.945000 0.000000 0.000000 1156836.046514 1156836.119946 1502.847306
0.955000 0.000000 0.000000 1136325.234512 1136325.297741 1496.141143
0.965000 0.000000 0.000000 1115405.262622 1115405.315444 1489.207020
0.975000 0.000000 0.000000 1094041.887393 1094041.929646 1482.024520
0.985000 0.000000 0.000000 1072197.901499 1072197.933065 1474.570831
0.995000 0.000000 0.000000 1049832.870228 1049832.891039 1466.820399