f
0.905000 0.000000 0.000000 1272272.812360 1268764.511760 0.000000 1537.949775
0.915000 0.000000 0.000000 1253206.372747 1249604.791652 0.000000 1532.110425
0.925000 0.000000 0.000000 1233854.497338 1233855.106183 0.000000 1527.259861
0.935000 0.000000 0.000000 1214098.836826 1214099.426862 0.000000 1521.109437
0.945000 0.000000 0.000000 1193880.398239 1193880.970884 0.000000 1514.736724
0.955000 0.000000 0.000000 1173141.526765 1173142.084973 0.000000 1508.115317
0.965000 0.000000 0.000000 1151786.560636 1151787.104628 0.000000 1501.204820
0.975000 0.000000 0.000000 1129324.205237 1129324.733899 0.000000 1493.831480
0.985000 0.000000 0.000000 1105412.627564 1105413.141368 0.000000 1485.860553
0.995000 0.000000 0.000000 1078847.559186 1078848.058504 0.000000 1476.851976
0.885000 0.000000 0.000000 1309646.763950 1306234.894655 0.000000 1549.181198
0.895000 0.000000 0.000000 1291060.189351 1287614.091414 0.000000 1543.630416
0.605000 0.000000 0.000000 1766192.670108 1763250.066963 0.000000 1669.841978
0.615000 0.000000 0.000000 1749863.444277 1749864.671812 0.000000 1666.663840
0.625000 0.000000 0.000000 1733447.342969 1733448.545222 0.000000 1662.741115
0.635000 0.000000 0.000000 1717233.872596 1717235.054039 0.000000 1658.839368
0.645000 0.000000 0.000000 1701169.203467 1701170.361149 0.000000 1654.946082
0.655000 0.000000 0.000000 1684806.587245 1684807.719356 0.000000 1650.952139
0.665000 0.000000 0.000000 1668335.398627 1668336.505940 0.000000 1646.902203
0.675000 0.000000 0.000000 1651765.387973 1654750.421512 0.000000 1643.539031
0.685000 0.000000 0.000000 1635224.808937 1638201.858422 0.000000 1639.414420
0.595000 0.000000 0.000000 1782498.850387 1779576.921680 0.000000 1673.694113
0.575000 0.000000 0.000000 1815090.908231 1812159.946471 0.000000 1681.303159
0.585000 0.000000 0.000000 1798785.017417 1795867.058987 0.000000 1677.511258
0.705000 0.000000 0.000000 1601983.867882 1604997.700580 0.000000 1631.043339
0.695000 0.000000 0.000000 1618644.707442 1621631.471580 0.000000 1635.252939
0.505000 0.000000 0.000000 1922466.242135 1919546.161465 0.000000 1705.675995
0.515000 0.000000 0.000000 1906244.616842 1906246.124126 0.000000 1702.713740
0.525000 0.000000 0.000000 1889959.029926 1889960.512986 0.000000 1699.065337
0.535000 0.000000 0.000000 1873884.475000 1873885.935301 0.000000 1695.441015
0.545000 0.000000 0.000000 1857899.492221 1857900.924239 0.000000 1691.813690
0.555000 0.000000 0.000000 1841885.622834 1841887.022784 0.000000 1688.156263
0.565000 0.000000 0.000000 1825516.415730 1825517.782419 0.000000 1684.392947
0.575000 0.000000 0.000000 1809226.575601 1812159.946471 0.000000 1681.303159
0.585000 0.000000 0.000000 1792946.831963 1795867.058987 0.000000 1677.511258
0.495000 0.000000 0.000000 1938685.932161 1935782.227895 0.000000 1709.271384
0.605000 0.000000 0.000000 1760305.398906 1763250.066963 0.000000 1669.841978
0.595000 0.000000 0.000000 1776652.843083 1779576.921680 0.000000 1673.694113
0.475000 0.000000 0.000000 1971161.670429 1968240.935572 0.000000 1716.391923
0.485000 0.000000 0.000000 1954904.752551 1952000.827613 0.000000 1712.840395
0.705000 0.000000 0.000000 1608010.157859 1604997.700580 0.000000 1631.043339
0.715000 0.000000 0.000000 1591352.064037 1591353.056242 0.000000 1627.565715
0.725000 0.000000 0.000000 1574575.039154 1574576.008089 0.000000 1623.258945
0.735000 0.000000 0.000000 1558078.090685 1558079.041604 0.000000 1618.990382
0.745000 0.000000 0.000000 1541426.289920 1541427.221025 0.000000 1614.647235
0.755000 0.000000 0.000000 1524544.969101 1524545.879409 0.000000 1610.208155
0.765000 0.000000 0.000000 1507598.308322 1507599.199395 0.000000 1605.714657
0.775000 0.000000 0.000000 1490595.030187 1493698.350706 0.000000 1602.000409
0.785000 0.000000 0.000000 1473476.156982 1476580.791391 0.000000 1597.390881
0.695000 0.000000 0.000000 1624616.806309 1621631.471580 0.000000 1635.252939
0.805000 0.000000 0.000000 1438929.917881 1442095.494831 0.000000 1587.981367
0.795000 0.000000 0.000000 1456270.264150 1459395.655631 0.000000 1592.722662
0.675000 0.000000 0.000000 1657733.879772 1654750.421512 0.000000 1643.539031
0.685000 0.000000 0.000000 1641177.407091 1638201.858422 0.000000 1639.414420
0.005000 0.000000 0.000000 2776441.793063 2776512.172428 0.000000 1870.560644
0.015000 0.000000 0.000000 2749874.732056 2749950.598855 0.000000 1866.070813
0.025000 0.000000 0.000000 2725960.517044 2726044.022438 0.000000 1862.001873
0.035000 0.000000 0.000000 2703494.622255 2703588.841489 0.000000 1858.155514
0.045000 0.000000 0.000000 2682138.409638 2682248.659869 0.000000 1854.477876
0.055000 0.000000 0.000000 2661520.938457 2661658.672479 0.000000 1850.908661
0.065000 0.000000 0.000000 2641190.546893 2641388.246973 0.000000 1847.374555
0.075000 0.000000 0.000000 2621336.398202 2609761.015225 0.000000 1841.819565
0.085000 0.000000 0.000000 2602174.393843 2617892.521757 0.000000 1843.252580
0.095000 0.000000 0.000000 2583059.607898 2586068.994513 0.000000 1837.625142
0.105000 0.000000 0.000000 2564226.724877 2568166.261227 0.000000 1834.436493
0.195000 0.000000 0.000000 2416375.683226 2413290.213328 0.000000 1806.131159
0.205000 0.000000 0.000000 2399068.983985 2395964.794249 0.000000 1802.880765
0.215000 0.000000 0.000000 2381893.129659 2381894.539691 0.000000 1800.228071
0.225000 0.000000 0.000000 2364787.549448 2364789.679998 0.000000 1796.987382
0.235000 0.000000 0.000000 2347789.523466 2347792.029619 0.000000 1793.749542
0.245000 0.000000 0.000000 2331071.266405 2331073.978873 0.000000 1790.547767
0.255000 0.000000 0.000000 2314351.424736 2314354.218237 0.000000 1787.328394
0.265000 0.000000 0.000000 2297457.379778 2297460.179453 0.000000 1784.057697
0.275000 0.000000 0.000000 2280691.707225 2283730.764734 0.000000 1781.386361
0.285000 0.000000 0.000000 2263985.716900 2266997.457178 0.000000 1778.114221
0.175000 0.000000 0.000000 2451348.995932 2448358.602457 0.000000 1812.657090
0.185000 0.000000 0.000000 2433785.779032 2430736.987538 0.000000 1809.386683
0.305000 0.000000 0.000000 2230691.867694 2233701.851988 0.000000 1771.549119
0.295000 0.000000 0.000000 2247333.302287 2250335.641671 0.000000 1774.838014
0.805000 0.000000 0.000000 1445260.100960 1442095.494831 0.000000 1587.981367
0.815000 0.000000 0.000000 1427894.188680 1427894.982108 0.000000 1584.057580
0.825000 0.000000 0.000000 1410345.697551 1410346.469748 0.000000 1579.168059
0.835000 0.000000 0.000000 1392921.677726 1392922.434003 0.000000 1574.267865
0.845000 0.000000 0.000000 1375334.888653 1375335.627680 0.000000 1569.275052
0.855000 0.000000 0.000000 1357460.042139 1357460.763060 0.000000 1564.151151
0.865000 0.000000 0.000000 1339423.818928 1339424.522885 0.000000 1558.929440
0.875000 0.000000 0.000000 1321213.211571 1321213.900173 0.000000 1553.603464
0.885000 0.000000 0.000000 1302822.231539 1306234.894655 0.000000 1549.181198
0.895000 0.000000 0.000000 1284167.220357 1287614.091414 0.000000 1543.630416
0.795000 0.000000 0.000000 1462520.043676 1459395.655631 0.000000 1592.722662
0.905000 0.000000 0.000000 1265255.462616 1268764.511760 0.000000 1537.949775
0.915000 0.000000 0.000000 1246002.482338 1249604.791652 0.000000 1532.110425
0.775000 0.000000 0.000000 1496800.583211 1493698.350706 0.000000 1602.000409
0.785000 0.000000 0.000000 1479684.379766 1476580.791391 0.000000 1597.390881
0.095000 0.000000 0.000000 2590081.950713 2586068.994513 0.000000 1837.625142
0.105000 0.000000 0.000000 2571163.308373 2568166.261227 0.000000 1834.436493
0.115000 0.000000 0.000000 2552539.811743 2552543.867359 0.000000 1831.640344
0.125000 0.000000 0.000000 2534126.616603 2534133.580367 0.000000 1828.328686
0.135000 0.000000 0.000000 2515911.320666 2515918.465556 0.000000 1825.034329
0.145000 0.000000 0.000000 2498017.820634 2498023.961629 0.000000 1821.780492
0.155000 0.000000 0.000000 2480316.218309 2480320.548065 0.000000 1818.544154
0.165000 0.000000 0.000000 2462514.141266 2462515.571172 0.000000 1815.271727
0.175000 0.000000 0.000000 2444918.756806 2448358.602457 0.000000 1812.657090
0.185000 0.000000 0.000000 2427445.607768 2430736.987538 0.000000 1809.386683
0.075000 0.000000 0.000000 2628658.655214 2609761.015225 0.000000 1841.819565
0.085000 0.000000 0.000000 2609341.362802 2617892.521757 0.000000 1843.252580
0.195000 0.000000 0.000000 2410084.723888 2413290.213328 0.000000 1806.131159
0.205000 0.000000 0.000000 2392787.091177 2395964.794249 0.000000 1802.880765
0.405000 0.000000 0.000000 2078688.556028 2075754.206384 0.000000 1739.365609
0.415000 0.000000 0.000000 2062392.980400 2062394.783973 0.000000 1736.560217
0.425000 0.000000 0.000000 2046055.716888 2046057.522440 0.000000 1733.110913
0.435000 0.000000 0.000000 2029934.070116 2029935.862622 0.000000 1729.686821
0.445000 0.000000 0.000000 2013929.748943 2013931.512077 0.000000 1726.267410
0.455000 0.000000 0.000000 1997841.726306 1997843.449090 0.000000 1722.809511
0.465000 0.000000 0.000000 1981544.403706 1981546.077571 0.000000 1719.285265
0.475000 0.000000 0.000000 1965315.510671 1968240.935572 0.000000 1716.391923
0.485000 0.000000 0.000000 1949092.814374 1952000.827613 0.000000 1712.840395
0.395000 0.000000 0.000000 2095003.871680 2092082.185540 0.000000 1742.776048
0.505000 0.000000 0.000000 1916622.593644 1919546.161465 0.000000 1705.675995
0.495000 0.000000 0.000000 1932874.824089 1935782.227895 0.000000 1709.271384
0.375000 0.000000 0.000000 2127730.310040 2124783.480791 0.000000 1749.546813
0.385000 0.000000 0.000000 2111337.956916 2108412.088597 0.000000 1746.166981
0.305000 0.000000 0.000000 2236696.972513 2233701.851988 0.000000 1771.549119
0.315000 0.000000 0.000000 2220118.581411 2220121.072361 0.000000 1768.850228
0.325000 0.000000 0.000000 2203527.707421 2203530.155594 0.000000 1765.536282
0.335000 0.000000 0.000000 2187158.448886 2187160.850205 0.000000 1762.248210
0.345000 0.000000 0.000000 2170939.477522 2170941.796862 0.000000 1758.972065
0.355000 0.000000 0.000000 2154669.223737 2154671.436757 0.000000 1755.667060
0.365000 0.000000 0.000000 2138199.785270 2138201.860718 0.000000 1752.302470
0.375000 0.000000 0.000000 2121822.825989 2124783.480791 0.000000 1749.546813
0.385000 0.000000 0.000000 2105473.916372 2108412.088597 0.000000 1746.166981
0.295000 0.000000 0.000000 2253325.284410 2250335.641671 0.000000 1774.838014
0.275000 0.000000 0.000000 2286764.369941 2283730.764734 0.000000 1781.386361
0.285000 0.000000 0.000000 2270000.384569 2266997.457178 0.000000 1778.114221
0.405000 0.000000 0.000000 2072809.977084 2075754.206384 0.000000 1739.365609
0.395000 0.000000 0.000000 2089149.611732 2092082.185540 0.000000 1742.776048