x           y           z           G           L           T
0.005000 0.000000 0.000000 2684922.665564 2684012.093313 1854.782605
0.015000 0.000000 0.000000 2667935.348555 2668547.411823 1852.105102
0.025000 0.000000 0.000000 2650638.432634 2650747.961344 1849.008920
0.035000 0.000000 0.000000 2633458.217411 2633337.041209 1845.965199
0.045000 0.000000 0.000000 2616386.910743 2616274.081422 1842.967628
0.055000 0.000000 0.000000 2599389.441236 2599345.338565 1839.979112
0.065000 0.000000 0.000000 2582448.985838 2582453.271549 1836.982484
0.075000 0.000000 0.000000 2565561.880799 2565583.879021 1833.975171
0.085000 0.000000 0.000000 2548728.926573 2548751.297544 1830.959602
0.095000 0.000000 0.000000 2531950.806890 2531968.676875 1827.938076
0.105000 0.000000 0.000000 2515226.982036 2515241.177894 1824.911491
0.115000 0.000000 0.000000 2498556.060276 2498568.362197 1821.879740
0.125000 0.000000 0.000000 2481936.362449 2481947.796548 1818.842350
0.135000 0.000000 0.000000 2465366.240766 2465377.086364 1815.798847
0.145000 0.000000 0.000000 2448844.160566 2448854.399465 1812.748850
0.155000 0.000000 0.000000 2432368.671432 2432378.286571 1809.692042
0.165000 0.000000 0.000000 2415938.363001 2415947.405134 1806.628122
0.175000 0.000000 0.000000 2399551.842494 2399560.381646 1803.556774
0.185000 0.000000 0.000000 2383207.733418 2383215.808496 1800.477672
0.195000 0.000000 0.000000 2366904.682685 2366912.294152 1797.390486
0.205000 0.000000 0.000000 2350641.365988 2350648.502140 1794.294891
0.215000 0.000000 0.000000 2334416.487937 2334423.156664 1791.190565
0.225000 0.000000 0.000000 2318228.778308 2318235.023443 1788.077190
0.235000 0.000000 0.000000 2302076.987338 2302082.884453 1784.954443
0.245000 0.000000 0.000000 2285959.882308 2285965.520787 1781.821997
0.255000 0.000000 0.000000 2269876.246187 2269881.708508 1778.679516
0.265000 0.000000 0.000000 2253824.877915 2253830.224754 1775.526657
0.275000 0.000000 0.000000 2237804.593373 2237809.858140 1772.363073
0.285000 0.000000 0.000000 2221814.226190 2221819.418020 1769.188415
0.295000 0.000000 0.000000 2205852.627903 2205857.739587 1766.002330
0.305000 0.000000 0.000000 2189918.667408 2189923.684361 1762.804467
0.315000 0.000000 0.000000 2174011.229875 2174016.137325 1759.594469
0.325000 0.000000 0.000000 2158129.215449 2158134.002566 1756.371976
0.335000 0.000000 0.000000 2142271.537967 2142276.199039 1753.136626
0.345000 0.000000 0.000000 2126437.123851 2126441.657389 1749.888049
0.355000 0.000000 0.000000 2110624.911219 2110629.318106 1746.625872
0.365000 0.000000 0.000000 2094833.849181 2094838.130783 1743.349714
0.375000 0.000000 0.000000 2079062.897243 2079067.054053 1740.059189
0.385000 0.000000 0.000000 2063311.024755 2063315.055730 1736.753905
0.395000 0.000000 0.000000 2047577.210355 2047581.112881 1733.433462
0.405000 0.000000 0.000000 2031860.441370 2031864.211636 1730.097456
0.415000 0.000000 0.000000 2016159.713194 2016163.346732 1726.745473
0.425000 0.000000 0.000000 2000474.028624 2000477.520859 1723.377093
0.435000 0.000000 0.000000 1984802.397193 1984805.743873 1719.991890
0.445000 0.000000 0.000000 1969143.834493 1969147.031989 1716.589428
0.455000 0.000000 0.000000 1953497.361510 1953500.406978 1713.169263
0.465000 0.000000 0.000000 1937862.003963 1937864.895413 1709.730941
0.475000 0.000000 0.000000 1922236.791662 1922239.527960 1706.274000
0.485000 0.000000 0.000000 1906620.757862 1906623.338706 1702.797969
0.495000 0.000000 0.000000 1891012.938635 1891015.364511 1699.302364
0.505000 0.000000 0.000000 1875412.372238 1875414.644372 1695.786693
0.515000 0.000000 0.000000 1859818.098486 1859820.218793 1692.250451
0.525000 0.000000 0.000000 1844229.158123 1844231.129152 1688.693121
0.535000 0.000000 0.000000 1828644.592201 1828646.417075 1685.114176
0.545000 0.000000 0.000000 1813063.441451 1813065.123803 1681.513073
0.555000 0.000000 0.000000 1797484.745655 1797486.289568 1677.889259
0.565000 0.000000 0.000000 1781907.543027 1781908.952961 1674.242163
0.575000 0.000000 0.000000 1766330.869580 1766332.150308 1670.571202
0.585000 0.000000 0.000000 1750753.758498 1750754.915049 1666.875778
0.595000 0.000000 0.000000 1735175.239510 1735176.277103 1663.155275
0.605000 0.000000 0.000000 1719594.338255 1719595.262247 1659.409061
0.615000 0.000000 0.000000 1704010.075647 1704010.891482 1655.636487
0.625000 0.000000 0.000000 1688421.467237 1688422.180402 1651.836885
0.635000 0.000000 0.000000 1672827.522567 1672828.138553 1648.009567
0.645000 0.000000 0.000000 1657227.244528 1657227.768791 1644.153827
0.655000 0.000000 0.000000 1641619.628705 1641620.066636 1640.268936
0.665000 0.000000 0.000000 1626003.662719 1626004.019617 1636.354145
0.675000 0.000000 0.000000 1610378.325566 1610378.606615 1632.408680
0.685000 0.000000 0.000000 1594742.586945 1594742.797193 1628.431743
0.695000 0.000000 0.000000 1579095.406583 1579095.550928 1624.422513
0.705000 0.000000 0.000000 1563435.733550 1563435.816726 1620.380139
0.715000 0.000000 0.000000 1547762.505568 1547762.532134 1616.303746
0.725000 0.000000 0.000000 1532074.648310 1532074.622644 1612.192428
0.735000 0.000000 0.000000 1516371.074693 1516371.000985 1608.045247
0.745000 0.000000 0.000000 1500650.684156 1500650.566406 1603.861237
0.755000 0.000000 0.000000 1484912.361934 1484912.203951 1599.639396
0.765000 0.000000 0.000000 1469154.978319 1469154.783720 1595.378686
0.775000 0.000000 0.000000 1453377.387909 1453377.160120 1591.078034
0.785000 0.000000 0.000000 1437578.428848 1437578.171108 1586.736327
0.795000 0.000000 0.000000 1421756.922052 1421756.637414 1582.352412
0.805000 0.000000 0.000000 1405911.670420 1405911.361760 1577.925092
0.815000 0.000000 0.000000 1390041.458039 1390041.128056 1573.453127
0.825000 0.000000 0.000000 1374145.049368 1374144.700592 1568.935226
0.835000 0.000000 0.000000 1358221.188410 1358220.823210 1564.370052
0.845000 0.000000 0.000000 1342268.597871 1342268.218456 1559.756212
0.855000 0.000000 0.000000 1326285.978299 1326285.586730 1555.092260
0.865000 0.000000 0.000000 1310272.007211 1310271.605406 1550.376688
0.875000 0.000000 0.000000 1294225.338201 1294224.927940 1545.607930
0.885000 0.000000 0.000000 1278144.600032 1278144.182965 1540.784352
0.895000 0.000000 0.000000 1262028.395704 1262027.973359 1535.904252
0.905000 0.000000 0.000000 1245875.301514 1245874.875301 1530.965853
0.915000 0.000000 0.000000 1229683.866083 1229683.437304 1525.967303
0.925000 0.000000 0.000000 1213452.609376 1213452.179227 1520.906667
0.935000 0.000000 0.000000 1197180.021691 1197179.591272 1515.781923
0.945000 0.000000 0.000000 1180864.562628 1180864.132946 1510.590956
0.955000 0.000000 0.000000 1164504.660043 1164504.232020 1505.331553
0.965000 0.000000 0.000000 1148098.708967 1148098.283442 1500.001399
0.975000 0.000000 0.000000 1131645.070508 1131644.648247 1494.598065
0.985000 0.000000 0.000000 1115142.070731 1115141.652427 1489.119006
0.995000 0.000000 0.000000 1098587.999501 1098587.585780 1483.561550