0.0 2000.0
0.002512562814070352 1874.5787934055961
0.007537688442211055 1871.9891862232262
0.012562814070351758 1869.7374640207877
0.017587939698492462 1867.624990127969
0.022613065326633167 1865.602149628704
0.02763819095477387 1863.6441799109575
0.032663316582914576 1861.7363037739167
0.03768844221105527 1859.868717105225
0.042713567839195984 1858.0344493662728
0.04773869346733668 1856.2282994281036
0.05276381909547739 1854.446244619139
0.05778894472361809 1852.6850857325828
0.06281407035175879 1850.9422209432357
0.0678391959798995 1849.2154950856668
0.07286432160804021 1847.5030953761031
0.07788944723618091 1845.8034770113757
0.0829145728643216 1844.1153086885774
0.0879396984924623 1842.4374318167456
0.09296482412060302 1840.7688293885647
0.09798994974874373 1839.1086018231392
0.10301507537688442 1837.455947940141
0.10804020100502512 1835.810149777849
0.11306532663316583 1834.1705603355645
0.11809045226130653 1832.536593572341
0.12311557788944723 1830.9077161684806
0.12814070351758794 1829.2834406798079
0.13316582914572866 1827.663319804293
0.13819095477386933 1826.0469415449782
0.14321608040201006 1824.4339251018425
0.14824120603015076 1822.823917361045
0.15326633165829145 1821.2165898774133
0.15829145728643218 1819.611636267122
0.16331658291457285 1818.008769943347
0.16834170854271358 1816.407722140844
0.17336683417085427 1814.8082401848583
0.17839195979899497 1813.2100859681398
0.1834170854271357 1811.6130346055202
0.18844221105527637 1810.0168732413424
0.1934673366834171 1808.4213999885337
0.19849246231155782 1806.8264229816643
0.20351758793969849 1805.231759529309
0.2085427135678392 1803.6372353527154
0.21356783919597988 1802.0426839003942
0.2185929648241206 1800.4479457291206
0.22361809045226133 1798.8528679435838
0.228643216080402 1797.2573036878287
0.23366834170854273 1795.6611116825609
0.2386934673366834 1794.0641558032444
0.24371859296482412 1792.4663046944775
0.24874371859296482 1790.8674314167831
0.2537688442211055 1789.267413122423
0.25879396984924624 1787.6661307571621
0.2638190954773869 1786.063468785439
0.26884422110552764 1784.4593149364941
0.27386934673366836 1782.8535599695542
0.2788944723618091 1781.2460974560765
0.28391959798994976 1779.6368235774833
0.2889447236180904 1778.0256369369542
0.29396984924623115 1776.4124383839921
0.2989949748743719 1774.7971308505098
0.3040201005025126 1773.1796191974795
0.30904522613065327 1771.5598100711607
0.31407035175879394 1769.937611768081
0.31909547738693467 1768.3129341079853
0.3241206030150754 1766.6856883140663
0.3291457286432161 1765.0557868998544
0.3341708542713568 1763.4231435621903
0.33919597989949746 1761.7876730797632
0.3442211055276382 1760.1492912167405
0.3492462311557789 1758.5079146310097
0.35427135678391963 1756.863460786789
0.3592964824120603 1755.2158478709862
0.364321608040201 1753.564994713196
0.3693467336683417 1751.9108207089894
0.3743718592964824 1750.2532457460347
0.37939698492462315 1748.5921901330335
0.3844221105527638 1746.927574531049
0.38944723618090454 1745.259319887071
0.3944723618090452 1743.5873473696017
0.39949748743718594 1741.911578305983
0.40452261306532666 1740.231934121491
0.40954773869346733 1738.548336279663
0.41457286432160806 1736.8607062241333
0.41959798994974873 1735.1689653213937
0.42462311557788945 1733.4730348046003
0.4296482412060302 1731.7728357182777
0.43467336683417085 1730.068288863565
0.4396984924623116 1728.3593147441222
0.44472361809045224 1726.6458335124332
0.44974874371859297 1724.9277649164144
0.4547738693467337 1723.205028246202
0.45979899497487436 1721.4775422810173
0.4648241206030151 1719.7452252359749
0.46984924623115576 1718.0079947087359
0.4748743718592965 1716.2657676258527
0.4798994974874372 1714.518460188783
0.4849246231155779 1712.7659878193758
0.4899497487437186 1711.0082651047023
0.4949748743718593 1709.2452057412252
0.5 1707.4767224780805
0.5050251256281406 1705.702727059427
0.5100502512562815 1703.9231301656885
0.5150753768844221 1702.137841353617
0.5201005025125629 1700.3467689950094
0.5251256281407035 1698.5498202139772
0.5301507537688441 1696.7469008226064
0.535175879396985 1694.937915254904
0.5402010050251256 1693.1227664988428
0.5452261306532664 1691.3013560263844
0.550251256281407 1689.4735837213152
0.5552763819095478 1687.6393478046732
0.5603015075376885 1685.7985447577603
0.5653266331658291 1683.9510692422493
0.5703517587939699 1682.0968140175291
0.5753768844221105 1680.235669854843
0.5804020100502513 1678.367525448091
0.585427135678392 1676.492267321013
0.5904522613065326 1674.6097797306438
0.5954773869346734 1672.7199445665267
0.6005025125628141 1670.8226412455645
0.6055276381909548 1668.917746602304
0.6105527638190955 1667.0051347740132
0.6155778894472361 1665.084677080486
0.620603015075377 1663.1562418980893
0.6256281407035176 1661.2196945276073
0.6306532663316583 1659.2748970555263
0.635678391959799 1657.321708208212
0.6407035175879396 1655.3599831985327
0.6457286432160805 1653.3895735643196
0.6507537688442211 1651.4103269981103
0.6557788944723618 1649.4220871674847
0.6608040201005025 1647.4246935253077
0.6658291457286432 1645.417981109133
0.670854271356784 1643.4017803288725
0.6758793969849246 1641.375916741883
0.6809045226130653 1639.3402108143853
0.6859296482412061 1637.2944776682634
0.6909547738693467 1635.2385268118737
0.6959798994974875 1633.1721618536944
0.7010050251256281 1631.0951801973004
0.7060301507537688 1629.0073727160886
0.7110552763819096 1626.9085234060099
0.7160804020100502 1624.7984090143673
0.721105527638191 1622.676798642544
0.7261306532663316 1620.5434533202838
0.7311557788944724 1618.3981255488839
0.7361809045226131 1616.2405588104245
0.7412060301507537 1614.070487039664
0.7462311557788945 1611.8876340550346
0.7512562814070352 1609.691712944705
0.756281407035176 1607.482425402921
0.7613065326633166 1605.2594610117624
0.7663316582914572 1603.022496462301
0.771356783919598 1600.7711947086314
0.7763819095477387 1598.5052040475296
0.7814070351758795 1596.2241571150337
0.7864321608040201 1593.9276697905925
0.7914572864321607 1591.6153399976968
0.7964824120603016 1589.2867463884882
0.8015075376884422 1586.9414468978537
0.806532663316583 1584.5789771505033
0.8115577889447236 1582.198848701681
0.8165829145728642 1579.8005470891972
0.8216080402010051 1577.3835296707787
0.8266331658291457 1574.9472232162875
0.8316582914572865 1572.4910212188943
0.8366834170854272 1570.014280883062
0.8417085427135678 1567.5163197391353
0.8467336683417086 1564.9964118247415
0.8517587939698492 1562.4537833614327
0.85678391959799 1559.8876078401618
0.8618090452261307 1557.2970004108795
0.8668341708542713 1554.68101144852
0.8718592964824121 1552.0386191382902
0.8768844221105527 1549.3687208858742
0.8819095477386936 1546.6701233099354
0.8869346733668342 1543.9415305116909
0.8919597989949748 1541.1815302336033
0.8969849246231156 1538.3885774097446
0.9020100502512562 1535.5609744623875
0.9070351758793971 1532.6968474975897
0.9120603015075377 1529.794117273216
0.9170854271356783 1526.8504634192686
0.9221105527638191 1523.8632798267672
0.9271356783919598 1520.8296182973409
0.9321608040201006 1517.7461163140927
0.9371859296482412 1514.6089029067318
0.9422110552763818 1511.4134736073431
0.9472361809045227 1508.1545206437124
0.9522613065326633 1504.8256963140907
0.9572864321608041 1501.4192729910694
0.9623115577889447 1497.925636212509
0.9673366834170853 1494.332493695567
0.9723618090452262 1490.6235671446373
0.9773869346733668 1486.7762529660686
0.9824120603015076 1482.756954861241
0.9874371859296482 1478.5102307634463
0.992462311557789 1473.9268203175411
0.9974874371859297 1468.5814094647467
1.0 1000.0